19
93
121.857475 196.231354 78.519386 0.517950 0.722380 0.574460
122.843376 196.279114 78.676598 0.517950 0.722380 0.574460
123.833595 196.245605 78.798767 0.517950 0.722380 0.574460
124.801582 196.041748 78.807777 0.517950 0.722380 0.574460
125.720139 195.661194 78.724411 0.517950 0.722380 0.574460
126.612541 195.215775 78.697678 0.517950 0.722380 0.574460
127.498482 194.785492 78.837044 0.517950 0.722380 0.574460
128.341003 194.361740 79.156067 0.517950 0.722380 0.574460
129.066162 193.861923 79.614037 0.517950 0.722380 0.574460
129.648666 193.242554 80.131554 0.517950 0.722380 0.574460
130.158081 192.510117 80.569824 0.517950 0.722380 0.574460
130.668152 191.696304 80.833328 0.517950 0.722380 0.574460
131.186768 190.852921 80.965248 0.517950 0.722380 0.574460
131.719879 190.009155 81.002869 0.517950 0.722380 0.574460
132.286194 189.188644 80.947403 0.517950 0.722380 0.574460
132.895065 188.403137 80.840965 0.517950 0.722380 0.574460
133.554276 187.656662 80.764954 0.517950 0.722380 0.574460
134.274384 186.964630 80.738457 0.517950 0.722380 0.574460
135.047348 186.333450 80.694168 0.517950 0.722380 0.574460
135.848053 185.741089 80.606773 0.517950 0.722380 0.574460
136.653519 185.153534 80.535095 0.517950 0.722380 0.574460
137.450516 184.551102 80.533379 0.517950 0.722380 0.574460
138.242889 183.943588 80.586716 0.517950 0.722380 0.574460
139.042038 183.345886 80.650261 0.517950 0.722380 0.574460
139.845245 182.753876 80.716133 0.517950 0.722380 0.574460
140.636002 182.149643 80.810379 0.517950 0.722380 0.574460
141.392624 181.509750 80.940201 0.517950 0.722380 0.574460
142.097137 180.814789 81.078430 0.517950 0.722380 0.574460
142.740417 180.061569 81.209518 0.517950 0.722380 0.574460
143.306702 179.251419 81.351288 0.517950 0.722380 0.574460
143.776077 178.389313 81.531586 0.517950 0.722380 0.574460
144.156555 177.493591 81.756927 0.517950 0.722380 0.574460
144.478302 176.582138 82.012070 0.517950 0.722380 0.574460
144.769882 175.663254 82.277672 0.517950 0.722380 0.574460
145.051544 174.740555 82.540863 0.517950 0.722380 0.574460
145.331039 173.816406 82.801285 0.517950 0.722380 0.574460
145.610153 172.892242 83.062096 0.517950 0.722380 0.574460
145.894699 171.967194 83.313522 0.517950 0.722380 0.574460
146.183990 171.038101 83.543655 0.517950 0.722380 0.574460
146.470673 170.102798 83.750740 0.517950 0.722380 0.574460
146.749863 169.161377 83.939644 0.517950 0.722380 0.574460
147.016830 168.214310 84.117691 0.517950 0.722380 0.574460
147.271729 167.262390 84.287537 0.517950 0.722380 0.574460
147.521530 166.306229 84.439697 0.517950 0.722380 0.574460
147.779114 165.346405 84.545830 0.517950 0.722380 0.574460
148.064148 164.389740 84.566544 0.517950 0.722380 0.574460
148.388596 163.448349 84.489082 0.517950 0.722380 0.574460
148.741241 162.522598 84.353630 0.517950 0.722380 0.574460
149.101883 161.600876 84.211029 0.517950 0.722380 0.574460
149.452805 160.675110 84.070679 0.517950 0.722380 0.574460
149.776794 159.742065 83.915756 0.517950 0.722380 0.574460
150.067810 158.801346 83.742455 0.517950 0.722380 0.574460
150.343552 157.858566 83.555176 0.517950 0.722380 0.574460
150.623627 156.922333 83.343842 0.517950 0.722380 0.574460
150.911362 155.997650 83.095428 0.517950 0.722380 0.574460
151.214264 155.090118 82.805786 0.517950 0.722380 0.574460
151.549225 154.217331 82.454353 0.517950 0.722380 0.574460
151.910858 153.417770 81.983978 0.517950 0.722380 0.574460
152.261414 152.722809 81.364861 0.517950 0.722380 0.574460
152.583405 152.099457 80.653847 0.517950 0.722380 0.574460
152.882751 151.502075 79.910034 0.517950 0.722380 0.574460
153.169693 150.911758 79.155617 0.517950 0.722380 0.574460
153.451019 150.330505 78.392128 0.517950 0.722380 0.574460
153.727570 149.760071 77.618790 0.517950 0.722380 0.574460
153.995682 149.190353 76.841934 0.517950 0.722380 0.574460
154.256470 148.605881 76.073662 0.517950 0.722380 0.574460
154.518784 147.996460 75.325722 0.517950 0.722380 0.574460
154.793991 147.358307 74.607094 0.517950 0.722380 0.574460
155.096802 146.691376 73.927109 0.517950 0.722380 0.574460
155.441177 146.001175 73.291679 0.517950 0.722380 0.574460
155.828171 145.308945 72.682884 0.517950 0.722380 0.574460
156.239853 144.647064 72.057175 0.517950 0.722380 0.574460
156.649002 144.028458 71.387123 0.517950 0.722380 0.574460
157.037872 143.430603 70.686310 0.517950 0.722380 0.574460
157.405807 142.820312 69.984962 0.517950 0.722380 0.574460
157.759781 142.183228 69.300461 0.517950 0.722380 0.574460
158.109940 141.525635 68.633476 0.517950 0.722380 0.574460
158.469711 140.864777 67.974869 0.517950 0.722380 0.574460
158.846741 140.212601 67.317307 0.517950 0.722380 0.574460
159.236969 139.563690 66.664169 0.517950 0.722380 0.574460
159.630524 138.905945 66.021996 0.517950 0.722380 0.574460
160.026047 138.234146 65.395805 0.517950 0.722380 0.574460
160.439362 137.557983 64.786156 0.517950 0.722380 0.574460
160.889587 136.899750 64.183372 0.517950 0.722380 0.574460
161.385727 136.284515 63.571804 0.517950 0.722380 0.574460
161.927017 135.740173 62.932793 0.517950 0.722380 0.574460
162.507217 135.279251 62.262653 0.517950 0.722380 0.574460
163.125107 134.883224 61.584015 0.517950 0.722380 0.574460
163.794678 134.529099 60.932423 0.517950 0.722380 0.574460
164.559464 134.234329 60.367069 0.517950 0.722380 0.574460
165.466354 134.099136 60.007423 0.517950 0.722380 0.574460
166.455185 134.081741 59.905018 0.517950 0.722380 0.574460
167.448181 134.048904 59.988880 0.517950 0.722380 0.574460
91
125.758041 194.126404 95.860870 0.507850 0.721260 0.587560
126.189728 193.624283 95.111977 0.507850 0.721260 0.587560
126.654701 193.160599 94.358200 0.507850 0.721260 0.587560
127.134964 192.737274 93.590256 0.507850 0.721260 0.587560
127.621391 192.332520 92.815956 0.507850 0.721260 0.587560
128.107712 191.910858 92.050888 0.507850 0.721260 0.587560
128.567352 191.453033 91.290451 0.507850 0.721260 0.587560
128.970993 190.970993 90.513680 0.507850 0.721260 0.587560
129.315460 190.494949 89.705261 0.507850 0.721260 0.587560
129.622742 190.052353 88.863335 0.507850 0.721260 0.587560
129.918854 189.650970 87.996857 0.507850 0.721260 0.587560
130.227264 189.269852 87.125389 0.507850 0.721260 0.587560
130.587936 188.855621 86.291916 0.507850 0.721260 0.587560
131.062302 188.344803 85.585526 0.507850 0.721260 0.587560
131.664337 187.765060 85.043243 0.507850 0.721260 0.587560
132.347672 187.194565 84.589142 0.507850 0.721260 0.587560
133.073532 186.658081 84.159248 0.507850 0.721260 0.587560
133.833420 186.142166 83.765396 0.507850 0.721260 0.587560
134.633102 185.633194 83.451347 0.507850 0.721260 0.587560
135.464279 185.125595 83.228920 0.507850 0.721260 0.587560
136.310791 184.612320 83.095749 0.507850 0.721260 0.587560
137.162918 184.092682 83.047310 0.507850 0.721260 0.587560
138.014709 183.568893 83.043953 0.507850 0.721260 0.587560
138.858902 183.033295 83.032196 0.507850 0.721260 0.587560
139.684433 182.469727 83.012642 0.507850 0.721260 0.587560
140.477158 181.861725 83.028297 0.507850 0.721260 0.587560
141.223175 181.200027 83.091309 0.507850 0.721260 0.587560
141.910782 180.481339 83.185760 0.507850 0.721260 0.587560
142.530441 179.709381 83.318924 0.507850 0.721260 0.587560
143.074036 178.893829 83.509773 0.507850 0.721260 0.587560
143.532745 178.042679 83.758682 0.507850 0.721260 0.587560
143.897507 177.164032 84.060738 0.507850 0.721260 0.587560
144.180161 176.268326 84.401726 0.507850 0.721260 0.587560
144.421860 175.362595 84.749733 0.507850 0.721260 0.587560
144.658096 174.450760 85.085487 0.507850 0.721260 0.587560
144.894318 173.537628 85.417694 0.507850 0.721260 0.587560
145.118484 172.623260 85.754692 0.507850 0.721260 0.587560
145.321732 171.700729 86.082336 0.507850 0.721260 0.587560
145.507782 170.762711 86.373535 0.507850 0.721260 0.587560
145.685791 169.807770 86.608986 0.507850 0.721260 0.587560
145.859604 168.840347 86.791580 0.507850 0.721260 0.587560
146.020920 167.865738 86.946442 0.507850 0.721260 0.587560
146.156387 166.886627 87.097252 0.507850 0.721260 0.587560
146.263657 165.903351 87.243790 0.507850 0.721260 0.587560
146.360855 164.915085 87.358665 0.507850 0.721260 0.587560
146.502869 163.928360 87.388474 0.507850 0.721260 0.587560
146.773865 162.978607 87.281975 0.507850 0.721260 0.587560
147.176392 162.090546 87.069977 0.507850 0.721260 0.587560
147.631058 161.235352 86.821526 0.507850 0.721260 0.587560
148.082748 160.381439 86.563316 0.507850 0.721260 0.587560
148.512802 159.518280 86.299057 0.507850 0.721260 0.587560
148.919632 158.644257 86.033768 0.507850 0.721260 0.587560
149.305679 157.759796 85.771889 0.507850 0.721260 0.587560
149.678482 156.872223 85.501465 0.507850 0.721260 0.587560
150.047989 155.992218 85.203644 0.507850 0.721260 0.587560
150.415543 155.122742 84.874008 0.507850 0.721260 0.587560
150.776382 154.262878 84.513329 0.507850 0.721260 0.587560
151.133652 153.425507 84.101494 0.507850 0.721260 0.587560
151.487427 152.663315 83.569618 0.507850 0.721260 0.587560
151.825195 152.027435 82.885483 0.507850 0.721260 0.587560
152.141891 151.473679 82.116333 0.507850 0.721260 0.587560
152.447128 150.937408 81.329414 0.507850 0.721260 0.587560
152.758087 150.396286 80.548134 0.507850 0.721260 0.587560
153.083771 149.855469 79.772667 0.507850 0.721260 0.587560
153.420090 149.322342 78.996361 0.507850 0.721260 0.587560
153.757217 148.792191 78.218361 0.507850 0.721260 0.587560
154.087769 148.253128 77.443718 0.507850 0.721260 0.587560
154.412415 147.698685 76.677483 0.507850 0.721260 0.587560
154.739319 147.128525 75.923889 0.507850 0.721260 0.587560
155.079147 146.535950 75.193947 0.507850 0.721260 0.587560
155.446472 145.911926 74.505180 0.507850 0.721260 0.587560
155.852982 145.263474 73.862267 0.507850 0.721260 0.587560
156.293579 144.615952 73.240677 0.507850 0.721260 0.587560
156.745056 143.992279 72.602951 0.507850 0.721260 0.587560
157.178375 143.388641 71.934044 0.507850 0.721260 0.587560
157.575043 142.778885 71.248306 0.507850 0.721260 0.587560
157.932800 142.142990 70.564934 0.507850 0.721260 0.587560
158.261963 141.478989 69.893799 0.507850 0.721260 0.587560
158.585297 140.794235 69.240807 0.507850 0.721260 0.587560
158.924866 140.098068 68.608521 0.507850 0.721260 0.587560
159.286743 139.396851 67.994415 0.507850 0.721260 0.587560
159.666595 138.692749 67.394531 0.507850 0.721260 0.587560
160.063538 137.987167 66.807655 0.507850 0.721260 0.587560
160.484299 137.284454 66.234177 0.507850 0.721260 0.587560
160.930527 136.594376 65.664558 0.507850 0.721260 0.587560
161.393646 135.933716 65.074371 0.507850 0.721260 0.587560
161.864212 135.322052 64.439529 0.507850 0.721260 0.587560
162.337036 134.773239 63.751411 0.507850 0.721260 0.587560
162.814209 134.277878 63.025818 0.507850 0.721260 0.587560
163.305710 133.795303 62.301079 0.507850 0.721260 0.587560
163.810928 133.262817 61.624268 0.507850 0.721260 0.587560
93
121.988197 195.827057 78.581009 0.525290 0.722190 0.581730
122.974655 195.920349 78.704384 0.525290 0.722190 0.581730
123.967453 195.884720 78.784744 0.525290 0.722190 0.581730
124.929359 195.653824 78.755547 0.525290 0.722190 0.581730
125.817520 195.200790 78.678619 0.525290 0.722190 0.581730
126.703865 194.745850 78.687454 0.525290 0.722190 0.581730
127.573952 194.306610 78.883583 0.525290 0.722190 0.581730
128.382004 193.864288 79.259979 0.525290 0.722190 0.581730
129.061874 193.350159 79.770203 0.525290 0.722190 0.581730
129.613251 192.729828 80.321861 0.525290 0.722190 0.581730
130.111801 191.992401 80.760918 0.525290 0.722190 0.581730
130.613449 191.170227 81.016319 0.525290 0.722190 0.581730
131.123566 190.320648 81.138992 0.525290 0.722190 0.581730
131.663147 189.481903 81.140152 0.525290 0.722190 0.581730
132.247269 188.680725 81.025627 0.525290 0.722190 0.581730
132.869858 187.914581 80.867844 0.525290 0.722190 0.581730
133.532196 187.175217 80.757172 0.525290 0.722190 0.581730
134.242844 186.474808 80.699448 0.525290 0.722190 0.581730
134.999344 185.825607 80.631340 0.525290 0.722190 0.581730
135.786270 185.215424 80.541054 0.525290 0.722190 0.581730
136.580719 184.611908 80.481506 0.525290 0.722190 0.581730
137.366425 183.994247 80.485207 0.525290 0.722190 0.581730
138.143066 183.365707 80.526566 0.525290 0.722190 0.581730
138.911636 182.727997 80.577164 0.525290 0.722190 0.581730
139.657761 182.067368 80.653259 0.525290 0.722190 0.581730
140.361420 181.370483 80.784363 0.525290 0.722190 0.581730
141.015671 180.635941 80.961472 0.525290 0.722190 0.581730
141.624161 179.866135 81.152351 0.525290 0.722190 0.581730
142.185196 179.060516 81.340065 0.525290 0.722190 0.581730
142.686569 178.217239 81.529793 0.525290 0.722190 0.581730
143.121964 177.341797 81.736351 0.525290 0.722190 0.581730
143.502777 176.446335 81.965347 0.525290 0.722190 0.581730
143.846481 175.539719 82.209534 0.525290 0.722190 0.581730
144.167709 174.626556 82.460297 0.525290 0.722190 0.581730
144.476517 173.710480 82.716042 0.525290 0.722190 0.581730
144.778748 172.793365 82.975952 0.525290 0.722190 0.581730
145.079346 171.873444 83.227516 0.525290 0.722190 0.581730
145.378952 170.947189 83.455742 0.525290 0.722190 0.581730
145.671494 170.013214 83.660622 0.525290 0.722190 0.581730
145.949646 169.072281 83.853424 0.525290 0.722190 0.581730
146.204529 168.124451 84.044373 0.525290 0.722190 0.581730
146.424957 167.168976 84.239441 0.525290 0.722190 0.581730
146.607574 166.206680 84.440353 0.525290 0.722190 0.581730
146.768585 165.239548 84.637009 0.525290 0.722190 0.581730
146.958145 164.269348 84.774902 0.525290 0.722190 0.581730
147.255142 163.326004 84.736488 0.525290 0.722190 0.581730
147.644135 162.429703 84.533875 0.525290 0.722190 0.581730
148.049698 161.551788 84.279472 0.525290 0.722190 0.581730
148.438522 160.664978 84.030228 0.525290 0.722190 0.581730
148.802444 159.764648 83.792053 0.525290 0.722190 0.581730
149.136597 158.851685 83.558510 0.525290 0.722190 0.581730
149.448990 157.928848 83.333481 0.525290 0.722190 0.581730
149.758057 157.001663 83.121880 0.525290 0.722190 0.581730
150.066727 156.073395 82.914444 0.525290 0.722190 0.581730
150.367416 155.145355 82.694931 0.525290 0.722190 0.581730
150.665604 154.224686 82.444077 0.525290 0.722190 0.581730
150.977097 153.326401 82.136887 0.525290 0.722190 0.581730
151.302368 152.471298 81.738167 0.525290 0.722190 0.581730
151.623322 151.671326 81.234940 0.525290 0.722190 0.581730
151.932388 150.912994 80.661789 0.525290 0.722190 0.581730
152.241959 150.177383 80.059402 0.525290 0.722190 0.581730
152.572464 149.463135 79.442802 0.525290 0.722190 0.581730
152.933487 148.779648 78.808823 0.525290 0.722190 0.581730
153.318100 148.125931 78.157303 0.525290 0.722190 0.581730
153.716110 147.491852 77.494400 0.525290 0.722190 0.581730
154.120010 146.873032 76.820732 0.525290 0.722190 0.581730
154.525757 146.264511 76.138786 0.525290 0.722190 0.581730
154.941254 145.648285 75.470047 0.525290 0.722190 0.581730
155.386597 145.010300 74.842865 0.525290 0.722190 0.581730
155.874756 144.360535 74.260880 0.525290 0.722190 0.581730
156.400589 143.723557 73.697533 0.525290 0.722190 0.581730
156.938751 143.109421 73.120522 0.525290 0.722190 0.581730
157.446579 142.494431 72.518066 0.525290 0.722190 0.581730
157.891388 141.843979 71.904175 0.525290 0.722190 0.581730
158.274536 141.142288 71.304962 0.525290 0.722190 0.581730
158.631424 140.392624 70.748627 0.525290 0.722190 0.581730
159.010040 139.608719 70.258476 0.525290 0.722190 0.581730
159.435562 138.805405 69.844345 0.525290 0.722190 0.581730
159.912460 137.992645 69.513626 0.525290 0.722190 0.581730
160.440460 137.180801 69.268867 0.525290 0.722190 0.581730
160.999283 136.374115 69.077103 0.525290 0.722190 0.581730
161.567429 135.571686 68.894608 0.525290 0.722190 0.581730
162.150803 134.781113 68.709106 0.525290 0.722190 0.581730
162.770752 134.017258 68.532417 0.525290 0.722190 0.581730
163.434937 133.283295 68.395683 0.525290 0.722190 0.581730
164.137314 132.576614 68.369286 0.525290 0.722190 0.581730
164.875824 131.912125 68.467079 0.525290 0.722190 0.581730
165.639771 131.279144 68.590607 0.525290 0.722190 0.581730
166.390015 130.623077 68.641243 0.525290 0.722190 0.581730
167.092575 129.914444 68.603081 0.525290 0.722190 0.581730
167.780960 129.192642 68.533150 0.525290 0.722190 0.581730
168.514130 128.518997 68.456787 0.525290 0.722190 0.581730
169.271866 127.889626 68.297852 0.525290 0.722190 0.581730
93
125.723442 193.608963 96.141373 0.519400 0.722240 0.592890
126.154472 193.102478 95.395226 0.519400 0.722240 0.592890
126.613617 192.640457 94.636871 0.519400 0.722240 0.592890
127.082817 192.237152 93.851250 0.519400 0.722240 0.592890
127.554237 191.835083 93.066330 0.519400 0.722240 0.592890
128.021957 191.418137 92.287186 0.519400 0.722240 0.592890
128.460358 190.965683 91.511177 0.519400 0.722240 0.592890
128.845810 190.488281 90.722214 0.519400 0.722240 0.592890
129.181015 190.016754 89.907043 0.519400 0.722240 0.592890
129.490356 189.577454 89.064011 0.519400 0.722240 0.592890
129.798981 189.176529 88.201668 0.519400 0.722240 0.592890
130.128784 188.794662 87.338470 0.519400 0.722240 0.592890
130.514862 188.385193 86.513847 0.519400 0.722240 0.592890
131.008209 187.898132 85.800919 0.519400 0.722240 0.592890
131.622147 187.355240 85.233711 0.519400 0.722240 0.592890
132.313171 186.818161 84.751083 0.519400 0.722240 0.592890
133.040161 186.306046 84.293976 0.519400 0.722240 0.592890
133.798080 185.804199 83.879135 0.519400 0.722240 0.592890
134.597275 185.301086 83.555565 0.519400 0.722240 0.592890
135.428833 184.794495 83.332840 0.519400 0.722240 0.592890
136.274582 184.279800 83.199333 0.519400 0.722240 0.592890
137.123108 183.755005 83.138786 0.519400 0.722240 0.592890
137.964462 183.215485 83.108887 0.519400 0.722240 0.592890
138.786865 182.647964 83.075729 0.519400 0.722240 0.592890
139.576263 182.035553 83.062706 0.519400 0.722240 0.592890
140.318542 181.368759 83.107521 0.519400 0.722240 0.592890
141.006470 180.650101 83.201241 0.519400 0.722240 0.592890
141.636520 179.883698 83.320450 0.519400 0.722240 0.592890
142.208817 179.078033 83.468819 0.519400 0.722240 0.592890
142.724854 178.243546 83.658173 0.519400 0.722240 0.592890
143.176712 177.383698 83.891640 0.519400 0.722240 0.592890
143.551147 176.500015 84.168060 0.519400 0.722240 0.592890
143.858932 175.598846 84.471992 0.519400 0.722240 0.592890
144.134445 174.688309 84.780098 0.519400 0.722240 0.592890
144.399918 173.773865 85.085548 0.519400 0.722240 0.592890
144.654541 172.857407 85.394119 0.519400 0.722240 0.592890
144.891342 171.935242 85.699692 0.519400 0.722240 0.592890
145.111526 171.001389 85.980759 0.519400 0.722240 0.592890
145.321030 170.052887 86.216820 0.519400 0.722240 0.592890
145.520676 169.091568 86.405159 0.519400 0.722240 0.592890
145.701920 168.121017 86.563019 0.519400 0.722240 0.592890
145.850433 167.143524 86.711464 0.519400 0.722240 0.592890
145.959412 166.160629 86.858734 0.519400 0.722240 0.592890
146.035461 165.172729 86.992714 0.519400 0.722240 0.592890
146.108307 164.179550 87.071922 0.519400 0.722240 0.592890
146.278336 163.206131 87.003517 0.519400 0.722240 0.592890
146.645279 162.325455 86.739906 0.519400 0.722240 0.592890
147.116638 161.515350 86.392296 0.519400 0.722240 0.592890
147.592636 160.708328 86.043205 0.519400 0.722240 0.592890
148.041016 159.880127 85.707802 0.519400 0.722240 0.592890
148.457642 159.030426 85.385300 0.519400 0.722240 0.592890
148.846802 158.160873 85.082069 0.519400 0.722240 0.592890
149.215591 157.275085 84.800713 0.519400 0.722240 0.592890
149.573471 156.382233 84.527374 0.519400 0.722240 0.592890
149.924988 155.489395 84.245895 0.519400 0.722240 0.592890
150.267349 154.598740 83.946968 0.519400 0.722240 0.592890
150.600525 153.714966 83.619011 0.519400 0.722240 0.592890
150.927887 152.852554 83.235168 0.519400 0.722240 0.592890
151.245728 152.040466 82.751457 0.519400 0.722240 0.592890
151.549423 151.294983 82.161530 0.519400 0.722240 0.592890
151.847778 150.596283 81.511765 0.519400 0.722240 0.592890
152.159210 149.921295 80.843040 0.519400 0.722240 0.592890
152.500031 149.268997 80.166382 0.519400 0.722240 0.592890
152.874222 148.647079 79.478828 0.519400 0.722240 0.592890
153.274353 148.050201 78.783516 0.519400 0.722240 0.592890
153.692719 147.466797 78.087440 0.519400 0.722240 0.592890
154.121857 146.894974 77.388298 0.519400 0.722240 0.592890
154.551163 146.333054 76.681267 0.519400 0.722240 0.592890
154.980652 145.760773 75.982895 0.519400 0.722240 0.592890
155.430450 145.156097 75.326775 0.519400 0.722240 0.592890
155.920944 144.522018 74.730164 0.519400 0.722240 0.592890
156.455826 143.884842 74.175804 0.519400 0.722240 0.592890
157.018265 143.266556 73.627052 0.519400 0.722240 0.592890
157.561798 142.651108 73.056999 0.519400 0.722240 0.592890
158.029663 141.998123 72.464516 0.519400 0.722240 0.592890
158.411911 141.289062 71.874336 0.519400 0.722240 0.592890
158.752747 140.529724 71.321106 0.519400 0.722240 0.592890
159.109528 139.733536 70.834534 0.519400 0.722240 0.592890
159.518021 138.914337 70.436043 0.519400 0.722240 0.592890
159.984070 138.082016 70.142433 0.519400 0.722240 0.592890
160.500946 137.247803 69.958572 0.519400 0.722240 0.592890
161.053467 136.422134 69.847496 0.519400 0.722240 0.592890
161.629166 135.609116 69.761627 0.519400 0.722240 0.592890
162.232391 134.815613 69.684395 0.519400 0.722240 0.592890
162.876373 134.055161 69.606628 0.519400 0.722240 0.592890
163.555252 133.325119 69.529831 0.519400 0.722240 0.592890
164.254486 132.612228 69.503426 0.519400 0.722240 0.592890
164.976761 131.923584 69.553391 0.519400 0.722240 0.592890
165.719971 131.258041 69.619637 0.519400 0.722240 0.592890
166.460007 130.586884 69.633469 0.519400 0.722240 0.592890
167.176132 129.891327 69.584518 0.519400 0.722240 0.592890
167.897186 129.202255 69.517082 0.519400 0.722240 0.592890
168.668411 128.572372 69.442703 0.519400 0.722240 0.592890
86
130.119812 195.106796 64.596642 0.552590 0.726130 0.569790
130.670090 195.078232 65.428909 0.552590 0.726130 0.569790
131.215714 194.892273 66.240440 0.552590 0.726130 0.569790
131.767792 194.517365 66.977386 0.552590 0.726130 0.569790
132.343307 193.994751 67.600800 0.552590 0.726130 0.569790
132.955124 193.383972 68.097755 0.552590 0.726130 0.569790
133.606827 192.720840 68.458611 0.552590 0.726130 0.569790
134.281631 192.029419 68.714317 0.552590 0.726130 0.569790
134.951385 191.321014 68.936623 0.552590 0.726130 0.569790
135.582733 190.585754 69.179962 0.552590 0.726130 0.569790
136.140564 189.809616 69.468323 0.552590 0.726130 0.569790
136.631821 189.002655 69.794800 0.552590 0.726130 0.569790
137.090286 188.181183 70.133705 0.552590 0.726130 0.569790
137.538147 187.350128 70.463402 0.552590 0.726130 0.569790
137.990463 186.515656 70.778008 0.552590 0.726130 0.569790
138.461624 185.687607 71.081497 0.552590 0.726130 0.569790
138.971375 184.876770 71.367493 0.552590 0.726130 0.569790
139.529968 184.086838 71.618408 0.552590 0.726130 0.569790
140.125290 183.315231 71.841858 0.552590 0.726130 0.569790
140.730850 182.553711 72.072556 0.552590 0.726130 0.569790
141.323959 181.788864 72.323715 0.552590 0.726130 0.569790
141.896179 181.009827 72.579483 0.552590 0.726130 0.569790
142.436981 180.204437 72.820328 0.552590 0.726130 0.569790
142.932190 179.364609 73.040245 0.552590 0.726130 0.569790
143.377213 178.494019 73.248230 0.552590 0.726130 0.569790
143.769913 177.598480 73.455322 0.552590 0.726130 0.569790
144.118195 176.685410 73.666817 0.552590 0.726130 0.569790
144.451065 175.764740 73.870438 0.552590 0.726130 0.569790
144.785797 174.840469 74.053642 0.552590 0.726130 0.569790
145.116776 173.911407 74.218536 0.552590 0.726130 0.569790
145.437408 172.977051 74.373863 0.552590 0.726130 0.569790
145.753860 172.041138 74.528526 0.552590 0.726130 0.569790
146.081360 171.108948 74.682312 0.552590 0.726130 0.569790
146.434082 170.184586 74.826645 0.552590 0.726130 0.569790
146.818619 169.270569 74.954346 0.552590 0.726130 0.569790
147.222946 168.363174 75.068916 0.552590 0.726130 0.569790
147.614365 167.450592 75.185844 0.552590 0.726130 0.569790
147.961777 166.523026 75.319862 0.552590 0.726130 0.569790
148.260345 165.581360 75.473488 0.552590 0.726130 0.569790
148.525696 164.631592 75.638985 0.552590 0.726130 0.569790
148.761993 163.676849 75.818504 0.552590 0.726130 0.569790
148.956131 162.720108 76.032623 0.552590 0.726130 0.569790
149.110443 161.766205 76.289139 0.552590 0.726130 0.569790
149.270096 160.812912 76.543831 0.552590 0.726130 0.569790
149.484375 159.853729 76.716110 0.552590 0.726130 0.569790
149.732834 158.888702 76.788528 0.552590 0.726130 0.569790
149.967667 157.917053 76.798996 0.552590 0.726130 0.569790
150.174316 156.938980 76.778748 0.552590 0.726130 0.569790
150.356949 155.956467 76.744194 0.552590 0.726130 0.569790
150.525818 154.971527 76.707603 0.552590 0.726130 0.569790
150.707230 153.988678 76.679085 0.552590 0.726130 0.569790
150.929367 153.014694 76.643906 0.552590 0.726130 0.569790
151.190231 152.052887 76.567673 0.552590 0.726130 0.569790
151.462204 151.100281 76.434601 0.552590 0.726130 0.569790
151.732910 150.155655 76.250786 0.552590 0.726130 0.569790
152.012039 149.222458 76.025436 0.552590 0.726130 0.569790
152.298569 148.301544 75.762001 0.552590 0.726130 0.569790
152.577347 147.387695 75.467224 0.552590 0.726130 0.569790
152.840775 146.477554 75.147789 0.552590 0.726130 0.569790
153.105988 145.578293 74.800606 0.552590 0.726130 0.569790
153.411621 144.704987 74.423210 0.552590 0.726130 0.569790
153.789215 143.871841 74.021759 0.552590 0.726130 0.569790
154.244690 143.085571 73.606491 0.552590 0.726130 0.569790
154.763824 142.340714 73.188499 0.552590 0.726130 0.569790
155.328278 141.625488 72.776970 0.552590 0.726130 0.569790
155.929367 140.934174 72.376625 0.552590 0.726130 0.569790
156.562515 140.261002 71.995117 0.552590 0.726130 0.569790
157.213058 139.584412 71.651222 0.552590 0.726130 0.569790
157.865173 138.880615 71.372604 0.552590 0.726130 0.569790
158.519608 138.151474 71.176872 0.552590 0.726130 0.569790
159.181305 137.411469 71.062164 0.552590 0.726130 0.569790
159.841705 136.662552 71.018372 0.552590 0.726130 0.569790
160.489517 135.901001 71.023682 0.552590 0.726130 0.569790
161.127777 135.131805 71.053406 0.552590 0.726130 0.569790
161.770966 134.366898 71.086853 0.552590 0.726130 0.569790
162.434464 133.619354 71.090759 0.552590 0.726130 0.569790
163.113342 132.885895 71.058662 0.552590 0.726130 0.569790
163.795288 132.155121 71.035583 0.552590 0.726130 0.569790
164.491379 131.437683 71.047295 0.552590 0.726130 0.569790
165.210236 130.742996 71.068398 0.552590 0.726130 0.569790
165.939911 130.059433 71.066856 0.552590 0.726130 0.569790
166.677597 129.384857 71.042168 0.552590 0.726130 0.569790
167.444473 128.744400 71.021103 0.552590 0.726130 0.569790
168.258698 128.165985 70.998055 0.552590 0.726130 0.569790
169.101166 127.630737 70.941368 0.552590 0.726130 0.569790
169.905945 127.051506 70.833458 0.552590 0.726130 0.569790
81
130.193024 191.056824 92.716545 0.520150 0.723250 0.597070
130.444000 190.498962 91.926529 0.520150 0.723250 0.597070
130.634964 189.937012 91.122025 0.520150 0.723250 0.597070
130.819656 189.396179 90.301620 0.520150 0.723250 0.597070
131.078018 188.878754 89.485832 0.520150 0.723250 0.597070
131.387283 188.359558 88.690994 0.520150 0.723250 0.597070
131.818115 187.830627 87.964767 0.520150 0.723250 0.597070
132.378769 187.301346 87.332405 0.520150 0.723250 0.597070
133.026474 186.783920 86.774895 0.520150 0.723250 0.597070
133.716904 186.269241 86.267204 0.520150 0.723250 0.597070
134.436340 185.746780 85.810905 0.520150 0.723250 0.597070
135.196884 185.219116 85.437302 0.520150 0.723250 0.597070
136.000000 184.693115 85.162262 0.520150 0.723250 0.597070
136.828384 184.171265 84.960960 0.520150 0.723250 0.597070
137.661072 183.644470 84.790543 0.520150 0.723250 0.597070
138.475449 183.091675 84.615669 0.520150 0.723250 0.597070
139.262619 182.497314 84.454079 0.520150 0.723250 0.597070
140.021484 181.855255 84.359940 0.520150 0.723250 0.597070
140.741592 181.163086 84.346550 0.520150 0.723250 0.597070
141.408234 180.420044 84.386879 0.520150 0.723250 0.597070
142.009964 179.628647 84.481140 0.520150 0.723250 0.597070
142.546249 178.803360 84.649818 0.520150 0.723250 0.597070
143.016068 177.956985 84.895332 0.520150 0.723250 0.597070
143.391464 177.090118 85.215225 0.520150 0.723250 0.597070
143.655502 176.208160 85.600479 0.520150 0.723250 0.597070
143.848953 175.318451 86.013580 0.520150 0.723250 0.597070
144.028015 174.420761 86.416008 0.520150 0.723250 0.597070
144.208267 173.515106 86.799706 0.520150 0.723250 0.597070
144.374542 172.600388 87.167679 0.520150 0.723250 0.597070
144.517044 171.672852 87.512558 0.520150 0.723250 0.597070
144.647461 170.729431 87.816269 0.520150 0.723250 0.597070
144.782562 169.768768 88.055824 0.520150 0.723250 0.597070
144.922684 168.793564 88.223724 0.520150 0.723250 0.597070
145.059723 167.809967 88.339432 0.520150 0.723250 0.597070
145.188812 166.822372 88.428253 0.520150 0.723250 0.597070
145.305405 165.831863 88.500290 0.520150 0.723250 0.597070
145.404648 164.837936 88.541115 0.520150 0.723250 0.597070
145.489365 163.842133 88.527855 0.520150 0.723250 0.597070
145.620041 162.856033 88.447708 0.520150 0.723250 0.597070
145.953033 161.943100 88.279198 0.520150 0.723250 0.597070
146.464325 161.123688 88.029778 0.520150 0.723250 0.597070
147.011627 160.341431 87.732834 0.520150 0.723250 0.597070
147.535599 159.552704 87.411995 0.520150 0.723250 0.597070
148.028549 158.744049 87.091583 0.520150 0.723250 0.597070
148.493362 157.913956 86.784172 0.520150 0.723250 0.597070
148.932465 157.066833 86.485252 0.520150 0.723250 0.597070
149.354019 156.214890 86.174927 0.520150 0.723250 0.597070
149.768356 155.369553 85.838020 0.520150 0.723250 0.597070
150.173553 154.529327 85.477898 0.520150 0.723250 0.597070
150.559372 153.689331 85.096786 0.520150 0.723250 0.597070
150.923035 152.863602 84.667534 0.520150 0.723250 0.597070
151.264740 152.116104 84.110001 0.520150 0.723250 0.597070
151.587662 151.494293 83.405136 0.520150 0.723250 0.597070
151.901566 150.953003 82.625763 0.520150 0.723250 0.597070
152.218826 150.430237 81.834549 0.520150 0.723250 0.597070
152.551346 149.904755 81.051506 0.520150 0.723250 0.597070
152.904053 149.381302 80.275955 0.520150 0.723250 0.597070
153.273621 148.864594 79.503708 0.520150 0.723250 0.597070
153.651642 148.348465 78.735146 0.520150 0.723250 0.597070
154.031448 147.823654 77.973396 0.520150 0.723250 0.597070
154.410217 147.289276 77.217773 0.520150 0.723250 0.597070
154.787781 146.746140 76.467842 0.520150 0.723250 0.597070
155.170837 146.180939 75.737595 0.520150 0.723250 0.597070
155.577133 145.577667 75.052460 0.520150 0.723250 0.597070
156.023300 144.941315 74.424225 0.520150 0.723250 0.597070
156.509125 144.297943 73.832878 0.520150 0.723250 0.597070
157.013260 143.670029 73.240143 0.520150 0.723250 0.597070
157.494263 143.049240 72.621651 0.520150 0.723250 0.597070
157.915024 142.407867 71.981537 0.520150 0.723250 0.597070
158.269958 141.729538 71.339439 0.520150 0.723250 0.597070
158.585083 141.013947 70.716545 0.520150 0.723250 0.597070
158.902924 140.268005 70.131935 0.520150 0.723250 0.597070
159.255630 139.500854 69.597305 0.520150 0.723250 0.597070
159.650299 138.719788 69.114517 0.520150 0.723250 0.597070
160.091003 137.930679 68.688545 0.520150 0.723250 0.597070
160.579498 137.140503 68.320015 0.520150 0.723250 0.597070
161.094330 136.354507 67.977760 0.520150 0.723250 0.597070
161.610123 135.577469 67.617477 0.520150 0.723250 0.597070
162.125900 134.819229 67.219269 0.520150 0.723250 0.597070
162.663025 134.090866 66.794617 0.520150 0.723250 0.597070
163.242462 133.389648 66.380440 0.520150 0.723250 0.597070
82
130.847687 189.074539 84.663025 0.551690 0.728370 0.592310
131.423706 188.419449 84.181419 0.551690 0.728370 0.592310
132.078690 187.778961 83.782204 0.551690 0.728370 0.592310
132.781876 187.179703 83.400650 0.551690 0.728370 0.592310
133.524887 186.612686 83.046486 0.551690 0.728370 0.592310
134.309784 186.065567 82.759750 0.551690 0.728370 0.592310
135.129227 185.534454 82.547028 0.551690 0.728370 0.592310
135.966293 185.008636 82.400093 0.551690 0.728370 0.592310
136.808929 184.476303 82.332642 0.551690 0.728370 0.592310
137.651321 183.938141 82.336388 0.551690 0.728370 0.592310
138.492401 183.397781 82.360748 0.551690 0.728370 0.592310
139.328110 182.848877 82.371284 0.551690 0.728370 0.592310
140.145645 182.274017 82.391884 0.551690 0.728370 0.592310
140.928406 181.655991 82.453995 0.551690 0.728370 0.592310
141.661072 180.983200 82.548935 0.551690 0.728370 0.592310
142.333023 180.252945 82.665207 0.551690 0.728370 0.592310
142.933182 179.469711 82.819031 0.551690 0.728370 0.592310
143.444427 178.638397 83.028023 0.551690 0.728370 0.592310
143.859451 177.768982 83.289719 0.551690 0.728370 0.592310
144.188354 176.876572 83.594849 0.551690 0.728370 0.592310
144.460037 175.971588 83.921585 0.551690 0.728370 0.592310
144.713745 175.059113 84.242477 0.551690 0.728370 0.592310
144.969681 174.143753 84.553284 0.551690 0.728370 0.592310
145.223877 173.228958 84.867142 0.551690 0.728370 0.592310
145.466965 172.312653 85.185272 0.551690 0.728370 0.592310
145.696106 171.387680 85.488007 0.551690 0.728370 0.592310
145.914536 170.448380 85.751343 0.551690 0.728370 0.592310
146.125168 169.495239 85.967201 0.551690 0.728370 0.592310
146.326630 168.533005 86.149902 0.551690 0.728370 0.592310
146.511429 167.565247 86.320618 0.551690 0.728370 0.592310
146.671036 166.592377 86.487518 0.551690 0.728370 0.592310
146.812729 165.614014 86.637489 0.551690 0.728370 0.592310
146.977280 164.633362 86.731697 0.551690 0.728370 0.592310
147.230225 163.670105 86.718307 0.551690 0.728370 0.592310
147.586990 162.745621 86.600128 0.551690 0.728370 0.592310
147.996552 161.849197 86.431900 0.551690 0.728370 0.592310
148.410599 160.958527 86.244385 0.551690 0.728370 0.592310
148.808289 160.064926 86.036819 0.551690 0.728370 0.592310
149.184891 159.167130 85.808937 0.551690 0.728370 0.592310
149.541336 158.263611 85.571205 0.551690 0.728370 0.592310
149.885773 157.358017 85.323891 0.551690 0.728370 0.592310
150.228943 156.460236 85.048607 0.551690 0.728370 0.592310
150.573853 155.576324 84.733551 0.551690 0.728370 0.592310
150.919113 154.707245 84.379898 0.551690 0.728370 0.592310
151.271149 153.865204 83.973213 0.551690 0.728370 0.592310
151.629608 153.101181 83.446999 0.551690 0.728370 0.592310
151.971420 152.473923 82.759254 0.551690 0.728370 0.592310
152.284851 151.936111 81.978058 0.551690 0.728370 0.592310
152.579620 151.417267 81.175636 0.551690 0.728370 0.592310
152.872101 150.889328 80.378342 0.551690 0.728370 0.592310
153.170639 150.354782 79.587708 0.551690 0.728370 0.592310
153.473679 149.822769 78.797066 0.551690 0.728370 0.592310
153.774796 149.293289 78.003983 0.551690 0.728370 0.592310
154.067566 148.755814 77.213226 0.551690 0.728370 0.592310
154.352631 148.199265 76.432938 0.551690 0.728370 0.592310
154.639587 147.619690 75.670387 0.551690 0.728370 0.592310
154.940140 147.014465 74.933624 0.551690 0.728370 0.592310
155.268280 146.379318 74.235229 0.551690 0.728370 0.592310
155.636292 145.718857 73.581581 0.551690 0.728370 0.592310
156.042191 145.055847 72.952789 0.551690 0.728370 0.592310
156.465378 144.419342 72.308525 0.551690 0.728370 0.592310
156.879288 143.816208 71.627113 0.551690 0.728370 0.592310
157.267548 143.222443 70.922546 0.551690 0.728370 0.592310
157.628815 142.610352 70.219368 0.551690 0.728370 0.592310
157.970383 141.972153 69.529594 0.551690 0.728370 0.592310
158.305649 141.315460 68.854111 0.551690 0.728370 0.592310
158.651154 140.654037 68.188499 0.551690 0.728370 0.592310
159.014847 139.996780 67.528481 0.551690 0.728370 0.592310
159.391846 139.339371 66.876083 0.551690 0.728370 0.592310
159.774429 138.673843 66.235268 0.551690 0.728370 0.592310
160.165573 137.998795 65.609840 0.551690 0.728370 0.592310
160.581741 137.324738 64.999870 0.551690 0.728370 0.592310
161.035843 136.672470 64.393532 0.551690 0.728370 0.592310
161.529694 136.066101 63.771336 0.551690 0.728370 0.592310
162.058197 135.531281 63.113743 0.551690 0.728370 0.592310
162.616318 135.075302 62.421577 0.551690 0.728370 0.592310
163.210037 134.675140 61.723969 0.551690 0.728370 0.592310
163.861252 134.306946 61.062035 0.551690 0.728370 0.592310
164.625397 134.001892 60.504623 0.551690 0.728370 0.592310
165.549469 133.901169 60.196445 0.551690 0.728370 0.592310
166.543655 133.920609 60.156380 0.551690 0.728370 0.592310
167.533401 133.912033 60.282078 0.551690 0.728370 0.592310
78
163.603317 132.727676 63.132729 0.537740 0.725460 0.588490
163.157761 133.332855 63.790421 0.537740 0.725460 0.588490
162.710739 133.898666 64.483253 0.537740 0.725460 0.588490
162.262100 134.489594 65.152992 0.537740 0.725460 0.588490
161.805923 135.129700 65.770050 0.537740 0.725460 0.588490
161.337845 135.816208 66.325203 0.537740 0.725460 0.588490
160.858719 136.535385 66.827904 0.537740 0.725460 0.588490
160.381607 137.272034 67.307083 0.537740 0.725460 0.588490
159.926529 138.017319 67.793961 0.537740 0.725460 0.588490
159.502625 138.765488 68.303993 0.537740 0.725460 0.588490
159.107071 139.511398 68.839508 0.537740 0.725460 0.588490
158.739120 140.249283 69.404869 0.537740 0.725460 0.588490
158.396179 140.971268 70.005363 0.537740 0.725460 0.588490
158.057602 141.667542 70.637939 0.537740 0.725460 0.588490
157.691895 142.329803 71.291222 0.537740 0.725460 0.588490
157.282257 142.957352 71.952629 0.537740 0.725460 0.588490
156.829453 143.566635 72.603226 0.537740 0.725460 0.588490
156.352036 144.187057 73.225067 0.537740 0.725460 0.588490
155.880600 144.834030 73.824112 0.537740 0.725460 0.588490
155.440857 145.493683 74.433060 0.537740 0.725460 0.588490
155.041748 146.140228 75.082283 0.537740 0.725460 0.588490
154.673096 146.762222 75.772697 0.537740 0.725460 0.588490
154.318130 147.368347 76.484421 0.537740 0.725460 0.588490
153.966019 147.969131 77.202118 0.537740 0.725460 0.588490
153.610886 148.568497 77.919495 0.537740 0.725460 0.588490
153.253586 149.175064 78.629662 0.537740 0.725460 0.588490
152.903885 149.802597 79.325096 0.537740 0.725460 0.588490
152.571320 150.455170 80.005768 0.537740 0.725460 0.588490
152.251968 151.126434 80.674576 0.537740 0.725460 0.588490
151.930481 151.820190 81.318382 0.537740 0.725460 0.588490
151.594238 152.561951 81.894554 0.537740 0.725460 0.588490
151.248611 153.376129 82.354111 0.537740 0.725460 0.588490
150.915039 154.250626 82.702705 0.537740 0.725460 0.588490
150.600143 155.156555 82.984390 0.537740 0.725460 0.588490
150.290710 156.075607 83.228073 0.537740 0.725460 0.588490
149.978226 156.999054 83.450630 0.537740 0.725460 0.588490
149.666962 157.924866 83.665100 0.537740 0.725460 0.588490
149.353363 158.849472 83.881226 0.537740 0.725460 0.588490
149.018845 159.766998 84.095558 0.537740 0.725460 0.588490
148.654999 160.674835 84.303497 0.537740 0.725460 0.588490
148.267731 161.572556 84.513214 0.537740 0.725460 0.588490
147.865784 162.463287 84.725304 0.537740 0.725460 0.588490
147.476440 163.366394 84.900665 0.537740 0.725460 0.588490
147.158936 164.306732 84.952606 0.537740 0.725460 0.588490
146.936996 165.274139 84.851830 0.537740 0.725460 0.588490
146.754456 166.241974 84.679283 0.537740 0.725460 0.588490
146.559891 167.204834 84.492569 0.537740 0.725460 0.588490
146.334015 168.160843 84.306213 0.537740 0.725460 0.588490
146.078583 169.109467 84.119896 0.537740 0.725460 0.588490
145.803391 170.051437 83.927902 0.537740 0.725460 0.588490
145.515823 170.986496 83.720901 0.537740 0.725460 0.588490
145.221603 171.913712 83.489632 0.537740 0.725460 0.588490
144.926407 172.834595 83.235214 0.537740 0.725460 0.588490
144.629349 173.752731 82.972931 0.537740 0.725460 0.588490
144.326141 174.670044 82.714920 0.537740 0.725460 0.588490
144.012314 175.584961 82.461151 0.537740 0.725460 0.588490
143.675934 176.493469 82.213875 0.537740 0.725460 0.588490
143.299194 177.390076 81.982986 0.537740 0.725460 0.588490
142.863907 178.265579 81.776932 0.537740 0.725460 0.588490
142.359222 179.107895 81.592224 0.537740 0.725460 0.588490
141.791611 179.911133 81.414619 0.537740 0.725460 0.588490
141.173111 180.675690 81.235558 0.537740 0.725460 0.588490
140.505325 181.399933 81.066994 0.537740 0.725460 0.588490
139.786621 182.082138 80.940063 0.537740 0.725460 0.588490
139.026230 182.726685 80.867416 0.537740 0.725460 0.588490
138.244278 183.348206 80.820549 0.537740 0.725460 0.588490
137.455444 183.961441 80.780182 0.537740 0.725460 0.588490
136.659531 184.566010 80.773643 0.537740 0.725460 0.588490
135.855469 185.156418 80.832870 0.537740 0.725460 0.588490
135.055710 185.747833 80.935097 0.537740 0.725460 0.588490
134.280518 186.371277 81.032036 0.537740 0.725460 0.588490
133.546753 187.042007 81.134552 0.537740 0.725460 0.588490
132.860840 187.749359 81.298119 0.537740 0.725460 0.588490
132.216797 188.483505 81.511772 0.537740 0.725460 0.588490
131.614822 189.260010 81.686287 0.537740 0.725460 0.588490
131.107635 190.120728 81.642387 0.537740 0.725460 0.588490
130.619934 190.985199 81.538406 0.537740 0.725460 0.588490
130.154190 191.836151 81.306595 0.537740 0.725460 0.588490
78
163.632599 133.301010 61.667786 0.539570 0.726680 0.583490
163.138519 133.838074 62.349716 0.539570 0.726680 0.583490
162.651535 134.332626 63.069557 0.539570 0.726680 0.583490
162.172028 134.845428 63.781239 0.539570 0.726680 0.583490
161.693253 135.412582 64.450111 0.539570 0.726680 0.583490
161.216629 136.038422 65.066498 0.539570 0.726680 0.583490
160.749771 136.707550 65.644264 0.539570 0.726680 0.583490
160.302322 137.401489 66.208199 0.539570 0.726680 0.583490
159.879623 138.105896 66.778214 0.539570 0.726680 0.583490
159.475540 138.812851 67.358620 0.539570 0.726680 0.583490
159.083176 139.518890 67.948105 0.539570 0.726680 0.583490
158.705383 140.222519 68.549782 0.539570 0.726680 0.583490
158.346420 140.920700 69.169029 0.539570 0.726680 0.583490
157.997803 141.604950 69.809410 0.539570 0.726680 0.583490
157.638809 142.264694 70.469315 0.539570 0.726680 0.583490
157.253754 142.894012 71.143967 0.539570 0.726680 0.583490
156.838135 143.501221 71.820908 0.539570 0.726680 0.583490
156.396835 144.114670 72.475426 0.539570 0.726680 0.583490
155.948288 144.760986 73.092125 0.539570 0.726680 0.583490
155.519257 145.438217 73.689560 0.539570 0.726680 0.583490
155.129486 146.121307 74.306419 0.539570 0.726680 0.583490
154.779556 146.789062 74.962746 0.539570 0.726680 0.583490
154.454880 147.437714 75.650902 0.539570 0.726680 0.583490
154.140656 148.072052 76.357147 0.539570 0.726680 0.583490
153.826569 148.695709 77.072960 0.539570 0.726680 0.583490
153.505005 149.318192 77.786415 0.539570 0.726680 0.583490
153.178574 149.956985 78.482910 0.539570 0.726680 0.583490
152.855484 150.621490 79.156517 0.539570 0.726680 0.583490
152.534225 151.308548 79.808014 0.539570 0.726680 0.583490
152.201584 152.020126 80.425911 0.539570 0.726680 0.583490
151.846970 152.777405 80.969849 0.539570 0.726680 0.583490
151.483322 153.603958 81.391174 0.539570 0.726680 0.583490
151.143539 154.493057 81.692474 0.539570 0.726680 0.583490
150.839493 155.417313 81.921188 0.539570 0.726680 0.583490
150.552933 156.356506 82.109703 0.539570 0.726680 0.583490
150.270004 157.301758 82.271996 0.539570 0.726680 0.583490
149.992172 158.251160 82.418251 0.539570 0.726680 0.583490
149.711258 159.200623 82.557999 0.539570 0.726680 0.583490
149.403427 160.142548 82.690559 0.539570 0.726680 0.583490
149.063034 161.073929 82.818932 0.539570 0.726680 0.583490
148.709061 161.998505 82.959381 0.539570 0.726680 0.583490
148.362076 162.925262 83.102783 0.539570 0.726680 0.583490
148.039520 163.866287 83.187080 0.539570 0.726680 0.583490
147.752960 164.821289 83.153839 0.539570 0.726680 0.583490
147.494995 165.776855 83.016762 0.539570 0.726680 0.583490
147.245514 166.727310 82.831612 0.539570 0.726680 0.583490
146.987045 167.674026 82.639664 0.539570 0.726680 0.583490
146.708817 168.616653 82.455551 0.539570 0.726680 0.583490
146.410538 169.554047 82.275970 0.539570 0.726680 0.583490
146.102783 170.487442 82.091530 0.539570 0.726680 0.583490
145.798508 171.418625 81.891075 0.539570 0.726680 0.583490
145.504669 172.347900 81.667610 0.539570 0.726680 0.583490
145.219986 173.275833 81.427124 0.539570 0.726680 0.583490
144.935257 174.202789 81.182793 0.539570 0.726680 0.583490
144.641617 175.127945 80.942352 0.539570 0.726680 0.583490
144.335464 176.050323 80.706940 0.539570 0.726680 0.583490
144.012405 176.969223 80.480865 0.539570 0.726680 0.583490
143.659409 177.881729 80.275726 0.539570 0.726680 0.583490
143.242844 178.772842 80.102951 0.539570 0.726680 0.583490
142.737473 179.620697 79.950775 0.539570 0.726680 0.583490
142.157837 180.417542 79.785324 0.539570 0.726680 0.583490
141.523804 181.165146 79.591034 0.539570 0.726680 0.583490
140.841080 181.866348 79.388008 0.539570 0.726680 0.583490
140.120285 182.536255 79.212418 0.539570 0.726680 0.583490
139.381866 183.196609 79.076958 0.539570 0.726680 0.583490
138.645859 183.863922 78.963379 0.539570 0.726680 0.583490
137.920074 184.544449 78.863495 0.539570 0.726680 0.583490
137.194595 185.229202 78.800896 0.539570 0.726680 0.583490
136.461365 185.908356 78.798584 0.539570 0.726680 0.583490
135.732498 186.592514 78.813271 0.539570 0.726680 0.583490
135.036392 187.305267 78.757210 0.539570 0.726680 0.583490
134.403229 188.059784 78.596863 0.539570 0.726680 0.583490
133.846985 188.862167 78.384811 0.539570 0.726680 0.583490
133.344391 189.703491 78.187958 0.539570 0.726680 0.583490
132.850967 190.558594 78.030495 0.539570 0.726680 0.583490
132.333237 191.404465 77.903954 0.539570 0.726680 0.583490
131.783142 192.229263 77.775154 0.539570 0.726680 0.583490
131.195755 193.006012 77.547943 0.539570 0.726680 0.583490
81
163.445526 132.833466 65.926842 0.522030 0.725540 0.571160
162.856735 133.536896 66.320961 0.522030 0.725540 0.571160
162.306473 134.244904 66.763130 0.522030 0.725540 0.571160
161.780197 134.979782 67.190468 0.522030 0.725540 0.571160
161.257370 135.736588 67.582054 0.522030 0.725540 0.571160
160.721848 136.504791 67.932335 0.522030 0.725540 0.571160
160.182465 137.277344 68.267311 0.522030 0.725540 0.571160
159.667740 138.054337 68.628304 0.522030 0.725540 0.571160
159.194733 138.834702 69.036095 0.522030 0.725540 0.571160
158.758698 139.610458 69.491356 0.522030 0.725540 0.571160
158.354477 140.371094 69.998260 0.522030 0.725540 0.571160
157.966553 141.103317 70.557350 0.522030 0.725540 0.571160
157.560928 141.794067 71.155045 0.522030 0.725540 0.571160
157.115646 142.441101 71.773201 0.522030 0.725540 0.571160
156.633057 143.062408 72.390266 0.522030 0.725540 0.571160
156.130524 143.691544 72.982887 0.522030 0.725540 0.571160
155.634674 144.353958 73.543823 0.522030 0.725540 0.571160
155.171478 145.048843 74.093353 0.522030 0.725540 0.571160
154.754700 145.757935 74.661346 0.522030 0.725540 0.571160
154.378326 146.469116 75.254799 0.522030 0.725540 0.571160
154.021851 147.183914 75.856422 0.522030 0.725540 0.571160
153.671158 147.906036 76.452698 0.522030 0.725540 0.571160
153.322067 148.637650 77.038147 0.522030 0.725540 0.571160
152.976013 149.389801 77.598503 0.522030 0.725540 0.571160
152.640533 150.172165 78.122612 0.522030 0.725540 0.571160
152.312714 150.980270 78.611534 0.522030 0.725540 0.571160
151.976013 151.808731 79.057823 0.522030 0.725540 0.571160
151.626160 152.667282 79.428123 0.522030 0.725540 0.571160
151.288635 153.569031 79.690018 0.522030 0.725540 0.571160
150.995743 154.509506 79.855141 0.522030 0.725540 0.571160
150.743622 155.471024 79.961319 0.522030 0.725540 0.571160
150.503799 156.438950 80.035080 0.522030 0.725540 0.571160
150.259537 157.407043 80.090485 0.522030 0.725540 0.571160
150.009827 158.374435 80.132332 0.522030 0.725540 0.571160
149.752457 159.340347 80.158417 0.522030 0.725540 0.571160
149.479233 160.302155 80.163216 0.522030 0.725540 0.571160
149.203430 161.262344 80.130501 0.522030 0.725540 0.571160
148.966660 162.225983 80.024307 0.522030 0.725540 0.571160
148.783752 163.190063 79.835670 0.522030 0.725540 0.571160
148.619598 164.151978 79.617111 0.522030 0.725540 0.571160
148.436646 165.111755 79.404716 0.522030 0.725540 0.571160
148.218292 166.065170 79.197548 0.522030 0.725540 0.571160
147.960220 167.010986 79.001625 0.522030 0.725540 0.571160
147.661148 167.950119 78.834869 0.522030 0.725540 0.571160
147.325912 168.882629 78.702126 0.522030 0.725540 0.571160
146.975601 169.811462 78.581505 0.522030 0.725540 0.571160
146.640472 170.743591 78.445709 0.522030 0.725540 0.571160
146.339401 171.683487 78.286148 0.522030 0.725540 0.571160
146.067017 172.629944 78.113182 0.522030 0.725540 0.571160
145.800644 173.579468 77.947830 0.522030 0.725540 0.571160
145.523865 174.529114 77.801369 0.522030 0.725540 0.571160
145.237579 175.476868 77.660690 0.522030 0.725540 0.571160
144.946411 176.422134 77.513557 0.522030 0.725540 0.571160
144.648346 177.365112 77.365448 0.522030 0.725540 0.571160
144.325485 178.301773 77.231682 0.522030 0.725540 0.571160
143.943253 179.218674 77.125465 0.522030 0.725540 0.571160
143.486832 180.102539 77.031075 0.522030 0.725540 0.571160
142.972549 180.950027 76.906006 0.522030 0.725540 0.571160
142.419159 181.759750 76.716316 0.522030 0.725540 0.571160
141.830536 182.527664 76.466385 0.522030 0.725540 0.571160
141.209808 183.261414 76.190758 0.522030 0.725540 0.571160
140.574310 183.981995 75.913452 0.522030 0.725540 0.571160
139.941177 184.704437 75.635605 0.522030 0.725540 0.571160
139.325272 185.436905 75.346069 0.522030 0.725540 0.571160
138.754990 186.191193 75.023575 0.522030 0.725540 0.571160
138.264633 186.978500 74.654007 0.522030 0.725540 0.571160
137.852737 187.794479 74.249931 0.522030 0.725540 0.571160
137.477875 188.624451 73.836891 0.522030 0.725540 0.571160
137.098358 189.454742 73.428925 0.522030 0.725540 0.571160
136.688080 190.270569 73.022057 0.522030 0.725540 0.571160
136.212906 191.048019 72.613220 0.522030 0.725540 0.571160
135.637024 191.767395 72.230545 0.522030 0.725540 0.571160
134.976929 192.442535 71.904137 0.522030 0.725540 0.571160
134.281876 193.103638 71.621948 0.522030 0.725540 0.571160
133.585938 193.761505 71.334724 0.522030 0.725540 0.571160
132.908936 194.413162 70.994736 0.522030 0.725540 0.571160
132.273483 195.065948 70.585022 0.522030 0.725540 0.571160
131.725571 195.733627 70.087906 0.522030 0.725540 0.571160
131.313660 196.415405 69.489532 0.522030 0.725540 0.571160
131.073044 197.117126 68.818939 0.522030 0.725540 0.571160
130.856445 197.829041 68.151428 0.522030 0.725540 0.571160
83
169.409302 127.827049 69.004692 0.554090 0.728600 0.585840
168.619095 128.419769 69.145752 0.554090 0.728600 0.585840
167.846725 129.050201 69.202522 0.554090 0.728600 0.585840
167.124939 129.739731 69.254402 0.554090 0.728600 0.585840
166.410385 130.437531 69.295586 0.554090 0.728600 0.585840
165.668945 131.106674 69.275696 0.554090 0.728600 0.585840
164.919052 131.763031 69.195717 0.554090 0.728600 0.585840
164.190674 132.443329 69.125229 0.554090 0.728600 0.585840
163.491272 133.155502 69.140152 0.554090 0.728600 0.585840
162.816193 133.887726 69.227608 0.554090 0.728600 0.585840
162.173187 134.646027 69.331718 0.554090 0.728600 0.585840
161.563995 135.431534 69.439148 0.554090 0.728600 0.585840
160.971741 136.229645 69.549721 0.554090 0.728600 0.585840
160.386826 137.031448 69.671669 0.554090 0.728600 0.585840
159.823608 137.838348 69.844368 0.554090 0.728600 0.585840
159.302994 138.649643 70.105156 0.554090 0.728600 0.585840
158.832031 139.456055 70.459053 0.554090 0.728600 0.585840
158.406799 140.244156 70.901588 0.554090 0.728600 0.585840
157.997528 140.992584 71.421837 0.554090 0.728600 0.585840
157.555893 141.683624 71.992142 0.554090 0.728600 0.585840
157.057190 142.319717 72.579643 0.554090 0.728600 0.585840
156.513626 142.928909 73.156776 0.554090 0.728600 0.585840
155.958572 143.549225 73.710663 0.554090 0.728600 0.585840
155.426239 144.199677 74.251907 0.554090 0.728600 0.585840
154.937576 144.871658 74.807587 0.554090 0.728600 0.585840
154.497101 145.549225 75.395821 0.554090 0.728600 0.585840
154.090500 146.229492 76.005539 0.554090 0.728600 0.585840
153.697754 146.923187 76.609100 0.554090 0.728600 0.585840
153.312485 147.637375 77.193329 0.554090 0.728600 0.585840
152.937988 148.371979 77.758904 0.554090 0.728600 0.585840
152.582916 149.133987 78.299850 0.554090 0.728600 0.585840
152.254959 149.927032 78.812683 0.554090 0.728600 0.585840
151.946716 150.742386 79.302536 0.554090 0.728600 0.585840
151.637680 151.574921 79.761536 0.554090 0.728600 0.585840
151.316544 152.433777 80.157448 0.554090 0.728600 0.585840
150.999298 153.331268 80.458153 0.554090 0.728600 0.585840
150.714233 154.265182 80.669037 0.554090 0.728600 0.585840
150.460022 155.219864 80.821892 0.554090 0.728600 0.585840
150.209595 156.180237 80.943748 0.554090 0.728600 0.585840
149.947586 157.138840 81.055069 0.554090 0.728600 0.585840
149.679871 158.095413 81.170235 0.554090 0.728600 0.585840
149.408081 159.049637 81.294876 0.554090 0.728600 0.585840
149.115646 159.996857 81.425125 0.554090 0.728600 0.585840
148.799606 160.936234 81.557854 0.554090 0.728600 0.585840
148.484634 161.876816 81.683876 0.554090 0.728600 0.585840
148.200134 162.831055 81.745621 0.554090 0.728600 0.585840
147.955490 163.795441 81.679916 0.554090 0.728600 0.585840
147.732788 164.752975 81.501984 0.554090 0.728600 0.585840
147.510529 165.698807 81.265984 0.554090 0.728600 0.585840
147.276306 166.638367 81.016411 0.554090 0.728600 0.585840
147.019485 167.576584 80.785416 0.554090 0.728600 0.585840
146.732040 168.513000 80.585381 0.554090 0.728600 0.585840
146.418945 169.445679 80.406578 0.554090 0.728600 0.585840
146.100449 170.377075 80.230423 0.554090 0.728600 0.585840
145.794632 171.310150 80.041542 0.554090 0.728600 0.585840
145.506592 172.244690 79.833000 0.554090 0.728600 0.585840
145.230072 173.179184 79.608910 0.554090 0.728600 0.585840
144.950699 174.111893 79.380974 0.554090 0.728600 0.585840
144.657730 175.041229 79.156349 0.554090 0.728600 0.585840
144.353409 175.967819 78.935440 0.554090 0.728600 0.585840
144.046524 176.895538 78.723061 0.554090 0.728600 0.585840
143.728958 177.823639 78.529411 0.554090 0.728600 0.585840
143.357315 178.735748 78.362633 0.554090 0.728600 0.585840
142.898575 179.609528 78.209053 0.554090 0.728600 0.585840
142.367294 180.436554 78.030418 0.554090 0.728600 0.585840
141.788406 181.218597 77.802956 0.554090 0.728600 0.585840
141.172150 181.960175 77.539246 0.554090 0.728600 0.585840
140.528473 182.678070 77.274536 0.554090 0.728600 0.585840
139.874786 183.393875 77.029091 0.554090 0.728600 0.585840
139.227386 184.120163 76.798325 0.554090 0.728600 0.585840
138.594543 184.861084 76.573792 0.554090 0.728600 0.585840
137.989258 185.622726 76.343605 0.554090 0.728600 0.585840
137.435089 186.414581 76.090210 0.554090 0.728600 0.585840
136.941818 187.236603 75.807755 0.554090 0.728600 0.585840
136.487091 188.078125 75.516380 0.554090 0.728600 0.585840
136.043823 188.925446 75.223907 0.554090 0.728600 0.585840
135.609039 189.761215 74.890701 0.554090 0.728600 0.585840
135.165253 190.560577 74.488052 0.554090 0.728600 0.585840
134.658920 191.307159 74.059875 0.554090 0.728600 0.585840
134.059387 192.007324 73.677063 0.554090 0.728600 0.585840
133.384567 192.675507 73.367233 0.554090 0.728600 0.585840
132.659851 193.313873 73.109818 0.554090 0.728600 0.585840
131.876450 193.891693 72.880867 0.554090 0.728600 0.585840
85
164.138321 133.707886 60.512478 0.525190 0.727890 0.566950
163.495102 134.152481 61.134014 0.525190 0.727890 0.566950
162.895889 134.583694 61.808163 0.525190 0.727890 0.566950
162.323776 135.032471 62.494415 0.525190 0.727890 0.566950
161.770813 135.535172 63.157677 0.525190 0.727890 0.566950
161.241348 136.111404 63.778759 0.525190 0.727890 0.566950
160.746521 136.749237 64.368088 0.525190 0.727890 0.566950
160.291397 137.424698 64.947784 0.525190 0.727890 0.566950
159.869385 138.116791 65.533165 0.525190 0.727890 0.566950
159.461914 138.807587 66.130440 0.525190 0.727890 0.566950
159.053040 139.489990 66.736351 0.525190 0.727890 0.566950
158.644394 140.167709 67.347641 0.525190 0.727890 0.566950
158.246841 140.849609 67.961533 0.525190 0.727890 0.566950
157.864883 141.538361 68.577713 0.525190 0.727890 0.566950
157.490753 142.220200 69.206169 0.525190 0.727890 0.566950
157.113358 142.877594 69.858093 0.525190 0.727890 0.566950
156.726181 143.509705 70.529182 0.525190 0.727890 0.566950
156.323898 144.140656 71.192291 0.525190 0.727890 0.566950
155.910217 144.809357 71.808647 0.525190 0.727890 0.566950
155.507843 145.533264 72.367943 0.525190 0.727890 0.566950
155.143341 146.291687 72.907623 0.525190 0.727890 0.566950
154.828415 147.053452 73.472694 0.525190 0.727890 0.566950
154.555634 147.801224 74.077301 0.525190 0.727890 0.566950
154.308884 148.526245 74.719749 0.525190 0.727890 0.566950
154.072968 149.222687 75.397125 0.525190 0.727890 0.566950
153.835953 149.896805 76.096642 0.525190 0.727890 0.566950
153.587982 150.564423 76.798546 0.525190 0.727890 0.566950
153.321426 151.244019 77.481499 0.525190 0.727890 0.566950
153.029541 151.949173 78.126526 0.525190 0.727890 0.566950
152.701920 152.691544 78.707664 0.525190 0.727890 0.566950
152.337494 153.492569 79.172546 0.525190 0.727890 0.566950
151.967545 154.365845 79.476555 0.525190 0.727890 0.566950
151.641693 155.292542 79.655937 0.525190 0.727890 0.566950
151.368561 156.246933 79.772247 0.525190 0.727890 0.566950
151.130447 157.215378 79.838013 0.525190 0.727890 0.566950
150.918152 158.191666 79.836311 0.525190 0.727890 0.566950
150.726898 159.168976 79.755470 0.525190 0.727890 0.566950
150.546097 160.139206 79.598412 0.525190 0.727890 0.566950
150.372147 161.095154 79.365959 0.525190 0.727890 0.566950
150.226562 162.032028 79.052551 0.525190 0.727890 0.566950
150.126282 162.953461 78.678490 0.525190 0.727890 0.566950
150.031631 163.883194 78.325912 0.525190 0.727890 0.566950
149.859879 164.834808 78.097214 0.525190 0.727890 0.566950
149.586227 165.790665 78.009430 0.525190 0.727890 0.566950
149.264206 166.736893 77.983040 0.525190 0.727890 0.566950
148.920288 167.675751 77.970360 0.525190 0.727890 0.566950
148.557602 168.607574 77.965706 0.525190 0.727890 0.566950
148.182465 169.534546 77.965530 0.525190 0.727890 0.566950
147.814453 170.463760 77.942078 0.525190 0.727890 0.566950
147.477982 171.401688 77.866348 0.525190 0.727890 0.566950
147.179443 172.348129 77.745499 0.525190 0.727890 0.566950
146.902481 173.299866 77.613350 0.525190 0.727890 0.566950
146.629166 174.254669 77.497231 0.525190 0.727890 0.566950
146.355042 175.210968 77.395561 0.525190 0.727890 0.566950
146.078323 176.166122 77.290329 0.525190 0.727890 0.566950
145.788452 177.116150 77.175072 0.525190 0.727890 0.566950
145.472153 178.057800 77.061401 0.525190 0.727890 0.566950
145.116699 178.987503 76.969177 0.525190 0.727890 0.566950
144.710419 179.898590 76.908493 0.525190 0.727890 0.566950
144.250473 180.784897 76.863266 0.525190 0.727890 0.566950
143.747482 181.645798 76.793938 0.525190 0.727890 0.566950
143.208603 182.475021 76.655701 0.525190 0.727890 0.566950
142.620575 183.251694 76.436775 0.525190 0.727890 0.566950
141.978546 183.971024 76.173836 0.525190 0.727890 0.566950
141.306564 184.659363 75.900848 0.525190 0.727890 0.566950
140.637711 185.345779 75.615829 0.525190 0.727890 0.566950
139.997253 186.045044 75.299850 0.525190 0.727890 0.566950
139.417450 186.768311 74.929398 0.525190 0.727890 0.566950
138.939499 187.526062 74.491051 0.525190 0.727890 0.566950
138.563675 188.312424 74.002968 0.525190 0.727890 0.566950
138.224915 189.109268 73.502724 0.525190 0.727890 0.566950
137.850983 189.903687 73.025505 0.525190 0.727890 0.566950
137.410309 190.685272 72.585869 0.525190 0.727890 0.566950
136.881943 191.429977 72.182159 0.525190 0.727890 0.566950
136.251236 192.117050 71.827034 0.525190 0.727890 0.566950
135.549713 192.766159 71.535522 0.525190 0.727890 0.566950
134.832672 193.416702 71.285637 0.525190 0.727890 0.566950
134.137726 194.084366 71.020500 0.525190 0.727890 0.566950
133.482559 194.765213 70.695786 0.525190 0.727890 0.566950
132.885162 195.467178 70.310814 0.525190 0.727890 0.566950
132.382141 196.207214 69.869904 0.525190 0.727890 0.566950
132.005737 196.984009 69.370033 0.525190 0.727890 0.566950
131.772095 197.802185 68.844688 0.525190 0.727890 0.566950
131.551956 198.637665 68.342186 0.525190 0.727890 0.566950
131.341629 199.523178 67.934380 0.525190 0.727890 0.566950
88
169.821503 127.405464 70.597717 0.544200 0.727750 0.574320
169.015442 127.976837 70.730286 0.544200 0.727750 0.574320
168.178909 128.520401 70.791245 0.544200 0.727750 0.574320
167.381668 129.121292 70.825638 0.544200 0.727750 0.574320
166.629883 129.779205 70.861328 0.544200 0.727750 0.574320
165.896805 130.458740 70.883980 0.544200 0.727750 0.574320
165.167465 131.142548 70.871674 0.544200 0.727750 0.574320
164.453842 131.842255 70.844208 0.544200 0.727750 0.574320
163.764420 132.566055 70.842262 0.544200 0.727750 0.574320
163.084839 133.298645 70.877975 0.544200 0.727750 0.574320
162.412064 134.037537 70.908424 0.544200 0.727750 0.574320
161.762741 134.797501 70.900253 0.544200 0.727750 0.574320
161.136581 135.576675 70.873718 0.544200 0.727750 0.574320
160.520508 136.364136 70.857147 0.544200 0.727750 0.574320
159.904846 137.151642 70.873718 0.544200 0.727750 0.574320
159.291153 137.935471 70.958214 0.544200 0.727750 0.574320
158.696365 138.717865 71.135902 0.544200 0.727750 0.574320
158.131836 139.492264 71.416489 0.544200 0.727750 0.574320
157.582703 140.234238 71.797729 0.544200 0.727750 0.574320
157.017044 140.921906 72.250916 0.544200 0.727750 0.574320
156.424713 141.565872 72.734779 0.544200 0.727750 0.574320
155.823959 142.199799 73.221817 0.544200 0.727750 0.574320
155.237747 142.851868 73.702225 0.544200 0.727750 0.574320
154.688370 143.536621 74.180168 0.544200 0.727750 0.574320
154.195801 144.258041 74.665520 0.544200 0.727750 0.574320
153.771774 145.016556 75.158791 0.544200 0.727750 0.574320
153.406097 145.809418 75.645439 0.544200 0.727750 0.574320
153.070007 146.629349 76.108345 0.544200 0.727750 0.574320
152.743027 147.466812 76.546059 0.544200 0.727750 0.574320
152.421921 148.316727 76.963615 0.544200 0.727750 0.574320
152.113846 149.184952 77.351822 0.544200 0.727750 0.574320
151.825531 150.074585 77.705330 0.544200 0.727750 0.574320
151.546951 150.979874 78.025391 0.544200 0.727750 0.574320
151.261383 151.897598 78.299667 0.544200 0.727750 0.574320
150.977386 152.833130 78.504944 0.544200 0.727750 0.574320
150.728455 153.791718 78.636391 0.544200 0.727750 0.574320
150.522354 154.766449 78.719208 0.544200 0.727750 0.574320
150.331161 155.746277 78.776680 0.544200 0.727750 0.574320
150.129044 156.724640 78.819473 0.544200 0.727750 0.574320
149.907410 157.699112 78.853767 0.544200 0.727750 0.574320
149.670822 158.670395 78.876701 0.544200 0.727750 0.574320
149.423981 159.639252 78.872437 0.544200 0.727750 0.574320
149.183060 160.606918 78.811882 0.544200 0.727750 0.574320
148.992996 161.570435 78.643806 0.544200 0.727750 0.574320
148.864914 162.523590 78.372086 0.544200 0.727750 0.574320
148.748734 163.474533 78.085846 0.544200 0.727750 0.574320
148.603699 164.430725 77.832993 0.544200 0.727750 0.574320
148.416840 165.387466 77.611252 0.544200 0.727750 0.574320
148.184128 166.339035 77.411942 0.544200 0.727750 0.574320
147.899338 167.281036 77.237038 0.544200 0.727750 0.574320
147.563828 168.211121 77.089813 0.544200 0.727750 0.574320
147.198761 169.133347 76.962807 0.544200 0.727750 0.574320
146.836777 170.056808 76.836128 0.544200 0.727750 0.574320
146.503464 170.988098 76.690887 0.544200 0.727750 0.574320
146.203354 171.927673 76.527031 0.544200 0.727750 0.574320
145.919769 172.872330 76.362167 0.544200 0.727750 0.574320
145.630005 173.817612 76.212852 0.544200 0.727750 0.574320
145.324615 174.759583 76.073700 0.544200 0.727750 0.574320
145.012558 175.698059 75.925980 0.544200 0.727750 0.574320
144.705048 176.636002 75.765747 0.544200 0.727750 0.574320
144.396637 177.573471 75.604500 0.544200 0.727750 0.574320
144.061951 178.503220 75.452599 0.544200 0.727750 0.574320
143.675140 179.413513 75.308868 0.544200 0.727750 0.574320
143.234314 180.297470 75.155876 0.544200 0.727750 0.574320
142.758026 181.155289 74.965401 0.544200 0.727750 0.574320
142.261215 181.988419 74.724045 0.544200 0.727750 0.574320
141.746002 182.800400 74.450218 0.544200 0.727750 0.574320
141.212143 183.597855 74.169235 0.544200 0.727750 0.574320
140.666199 184.388290 73.891495 0.544200 0.727750 0.574320
140.120255 185.176834 73.608528 0.544200 0.727750 0.574320
139.596481 185.970352 73.299828 0.544200 0.727750 0.574320
139.125519 186.781006 72.954292 0.544200 0.727750 0.574320
138.716064 187.610840 72.576561 0.544200 0.727750 0.574320
138.335876 188.444916 72.176926 0.544200 0.727750 0.574320
137.941483 189.268448 71.769562 0.544200 0.727750 0.574320
137.508774 190.075256 71.368073 0.544200 0.727750 0.574320
137.015854 190.854111 70.982590 0.544200 0.727750 0.574320
136.436295 191.586792 70.630760 0.544200 0.727750 0.574320
135.782593 192.280609 70.331291 0.544200 0.727750 0.574320
135.103271 192.968979 70.077560 0.544200 0.727750 0.574320
134.437408 193.669907 69.822998 0.544200 0.727750 0.574320
133.806946 194.378845 69.510246 0.544200 0.727750 0.574320
133.227829 195.093979 69.121468 0.544200 0.727750 0.574320
132.722763 195.825760 68.667053 0.544200 0.727750 0.574320
132.324478 196.571945 68.138580 0.544200 0.727750 0.574320
132.043274 197.310486 67.529228 0.544200 0.727750 0.574320
131.894257 198.026825 66.847580 0.544200 0.727750 0.574320
131.789703 198.738785 66.154724 0.544200 0.727750 0.574320
77
163.688675 133.150406 61.502590 0.543740 0.728020 0.580930
163.202209 133.714874 62.166672 0.543740 0.728020 0.580930
162.713348 134.218842 62.878548 0.543740 0.728020 0.580930
162.231171 134.728760 63.590687 0.543740 0.728020 0.580930
161.749298 135.286850 64.264992 0.543740 0.728020 0.580930
161.268158 135.903900 64.886650 0.543740 0.728020 0.580930
160.795563 136.566849 65.466774 0.543740 0.728020 0.580930
160.341034 137.257706 66.028824 0.543740 0.728020 0.580930
159.910660 137.961395 66.593956 0.543740 0.728020 0.580930
159.499390 138.669174 67.168282 0.543740 0.728020 0.580930
159.098206 139.376968 67.749718 0.543740 0.728020 0.580930
158.708435 140.082962 68.340919 0.543740 0.728020 0.580930
158.335800 140.785049 68.947571 0.543740 0.728020 0.580930
157.975647 141.475677 69.574577 0.543740 0.728020 0.580930
157.609879 142.143463 70.222610 0.543740 0.728020 0.580930
157.222672 142.781235 70.888062 0.543740 0.728020 0.580930
156.809341 143.394791 71.560707 0.543740 0.728020 0.580930
156.372147 144.011307 72.215141 0.543740 0.728020 0.580930
155.925903 144.662094 72.828598 0.543740 0.728020 0.580930
155.496353 145.351593 73.411354 0.543740 0.728020 0.580930
155.105682 146.057343 74.001671 0.543740 0.728020 0.580930
154.758163 146.755951 74.626373 0.543740 0.728020 0.580930
154.440140 147.439209 75.283401 0.543740 0.728020 0.580930
154.135178 148.108459 75.960869 0.543740 0.728020 0.580930
153.832458 148.766083 76.650703 0.543740 0.728020 0.580930
153.523529 149.422623 77.338753 0.543740 0.728020 0.580930
153.207336 150.096741 78.005959 0.543740 0.728020 0.580930
152.888367 150.798706 78.642326 0.543740 0.728020 0.580930
152.562210 151.526703 79.244804 0.543740 0.728020 0.580930
152.216415 152.284485 79.796112 0.543740 0.728020 0.580930
151.847900 153.091507 80.250786 0.543740 0.728020 0.580930
151.483414 153.961899 80.572540 0.543740 0.728020 0.580930
151.161072 154.882645 80.786438 0.543740 0.728020 0.580930
150.879074 155.829224 80.940750 0.543740 0.728020 0.580930
150.612534 156.785477 81.060303 0.543740 0.728020 0.580930
150.351242 157.746124 81.153625 0.543740 0.728020 0.580930
150.093048 158.709549 81.224663 0.543740 0.728020 0.580930
149.823517 159.670929 81.278816 0.543740 0.728020 0.580930
149.526505 160.624771 81.319397 0.543740 0.728020 0.580930
149.213150 161.573914 81.349525 0.543740 0.728020 0.580930
148.913757 162.527710 81.366035 0.543740 0.728020 0.580930
148.646713 163.490662 81.348022 0.543740 0.728020 0.580930
148.402130 164.456863 81.273911 0.543740 0.728020 0.580930
148.158005 165.416595 81.138748 0.543740 0.728020 0.580930
147.903961 166.366760 80.958824 0.543740 0.728020 0.580930
147.635666 167.311264 80.769501 0.543740 0.728020 0.580930
147.344788 168.252701 80.600143 0.543740 0.728020 0.580930
147.027130 169.189316 80.453033 0.543740 0.728020 0.580930
146.697128 170.122101 80.308113 0.543740 0.728020 0.580930
146.379868 171.056396 80.146439 0.543740 0.728020 0.580930
146.088257 171.994888 79.962303 0.543740 0.728020 0.580930
145.817459 172.936707 79.763321 0.543740 0.728020 0.580930
145.552536 173.880066 79.563652 0.543740 0.728020 0.580930
145.280228 174.823242 79.373375 0.543740 0.728020 0.580930
144.996368 175.764557 79.190887 0.543740 0.728020 0.580930
144.701416 176.703140 79.011948 0.543740 0.728020 0.580930
144.391144 177.638306 78.841446 0.543740 0.728020 0.580930
144.038406 178.562134 78.697960 0.543740 0.728020 0.580930
143.604416 179.455292 78.593971 0.543740 0.728020 0.580930
143.082184 180.301758 78.501564 0.543740 0.728020 0.580930
142.491516 181.096848 78.372681 0.543740 0.728020 0.580930
141.844498 181.834976 78.188019 0.543740 0.728020 0.580930
141.150131 182.519974 77.969475 0.543740 0.728020 0.580930
140.431702 183.181473 77.754669 0.543740 0.728020 0.580930
139.715576 183.850601 77.556526 0.543740 0.728020 0.580930
139.018326 184.542328 77.369278 0.543740 0.728020 0.580930
138.345779 185.259827 77.188812 0.543740 0.728020 0.580930
137.704422 186.005508 77.009727 0.543740 0.728020 0.580930
137.107391 186.784653 76.821594 0.543740 0.728020 0.580930
136.557251 187.594543 76.619576 0.543740 0.728020 0.580930
136.037582 188.422241 76.408157 0.543740 0.728020 0.580930
135.542084 189.253998 76.160782 0.543740 0.728020 0.580930
135.076172 190.072784 75.829803 0.543740 0.728020 0.580930
134.606750 190.857071 75.425728 0.543740 0.728020 0.580930
134.076462 191.599197 75.018967 0.543740 0.728020 0.580930
133.463852 192.308716 74.675919 0.543740 0.728020 0.580930
132.755798 192.982117 74.463333 0.543740 0.728020 0.580930
84
163.271301 132.815628 65.441040 0.514610 0.725890 0.560570
162.725754 133.501678 65.921585 0.514610 0.725890 0.560570
162.199799 134.195602 66.412987 0.514610 0.725890 0.560570
161.685837 134.917358 66.876152 0.514610 0.725890 0.560570
161.167938 135.661652 67.296959 0.514610 0.725890 0.560570
160.631821 136.418030 67.671036 0.514610 0.725890 0.560570
160.085205 137.178909 68.020699 0.514610 0.725890 0.560570
159.556519 137.945389 68.384445 0.514610 0.725890 0.560570
159.064301 138.718582 68.783440 0.514610 0.725890 0.560570
158.604660 139.490997 69.221031 0.514610 0.725890 0.560570
158.172195 140.251678 69.704254 0.514610 0.725890 0.560570
157.754547 140.987839 70.236183 0.514610 0.725890 0.560570
157.324875 141.687607 70.806190 0.514610 0.725890 0.560570
156.867035 142.350021 71.398682 0.514610 0.725890 0.560570
156.385818 142.992798 71.994637 0.514610 0.725890 0.560570
155.895203 143.650452 72.565712 0.514610 0.725890 0.560570
155.416748 144.351044 73.093933 0.514610 0.725890 0.560570
154.975403 145.096725 73.592155 0.514610 0.725890 0.560570
154.587158 145.873001 74.087914 0.514610 0.725890 0.560570
154.246887 146.666443 74.592133 0.514610 0.725890 0.560570
153.930374 147.468521 75.098541 0.514610 0.725890 0.560570
153.618378 148.273544 75.603127 0.514610 0.725890 0.560570
153.305527 149.082962 76.099976 0.514610 0.725890 0.560570
152.990662 149.909683 76.565331 0.514610 0.725890 0.560570
152.670853 150.761475 76.978859 0.514610 0.725890 0.560570
152.338776 151.635193 77.332306 0.514610 0.725890 0.560570
151.993469 152.531128 77.606621 0.514610 0.725890 0.560570
151.662003 153.457123 77.775925 0.514610 0.725890 0.560570
151.384674 154.413528 77.851852 0.514610 0.725890 0.560570
151.162796 155.387924 77.877884 0.514610 0.725890 0.560570
150.963974 156.367920 77.880844 0.514610 0.725890 0.560570
150.766312 157.348022 77.865509 0.514610 0.725890 0.560570
150.566635 158.326965 77.825783 0.514610 0.725890 0.560570
150.365997 159.302963 77.745201 0.514610 0.725890 0.560570
150.168884 160.273346 77.608879 0.514610 0.725890 0.560570
149.990097 161.237350 77.414726 0.514610 0.725890 0.560570
149.837112 162.196640 77.178047 0.514610 0.725890 0.560570
149.682938 163.156067 76.942802 0.514610 0.725890 0.560570
149.488495 164.117310 76.751083 0.514610 0.725890 0.560570
149.246994 165.075729 76.600883 0.514610 0.725890 0.560570
148.975769 166.029037 76.468491 0.514610 0.725890 0.560570
148.674789 166.974792 76.347839 0.514610 0.725890 0.560570
148.331772 167.908066 76.244453 0.514610 0.725890 0.560570
147.954056 168.829758 76.157227 0.514610 0.725890 0.560570
147.570129 169.748962 76.070107 0.514610 0.725890 0.560570
147.209595 170.674744 75.959076 0.514610 0.725890 0.560570
146.883789 171.609177 75.816963 0.514610 0.725890 0.560570
146.582932 172.549835 75.660126 0.514610 0.725890 0.560570
146.289017 173.493546 75.508614 0.514610 0.725890 0.560570
145.989288 174.437057 75.367523 0.514610 0.725890 0.560570
145.680756 175.377716 75.226334 0.514610 0.725890 0.560570
145.365143 176.314896 75.077766 0.514610 0.725890 0.560570
145.038223 177.248245 74.929810 0.514610 0.725890 0.560570
144.686890 178.174408 74.793961 0.514610 0.725890 0.560570
144.301239 179.088364 74.669128 0.514610 0.725890 0.560570
143.880798 179.986679 74.543083 0.514610 0.725890 0.560570
143.432312 180.868668 74.399612 0.514610 0.725890 0.560570
142.963821 181.732986 74.218765 0.514610 0.725890 0.560570
142.479492 182.577835 73.992805 0.514610 0.725890 0.560570
141.977463 183.403610 73.736397 0.514610 0.725890 0.560570
141.455200 184.214218 73.471756 0.514610 0.725890 0.560570
140.922256 185.018829 73.209862 0.514610 0.725890 0.560570
140.401810 185.826401 72.933250 0.514610 0.725890 0.560570
139.924164 186.645355 72.617607 0.514610 0.725890 0.560570
139.512924 187.481308 72.256882 0.514610 0.725890 0.560570
139.156525 188.324646 71.855484 0.514610 0.725890 0.560570
138.805267 189.155243 71.423882 0.514610 0.725890 0.560570
138.408432 189.958801 70.981750 0.514610 0.725890 0.560570
137.943359 190.728500 70.546227 0.514610 0.725890 0.560570
137.388367 191.445969 70.130005 0.514610 0.725890 0.560570
136.736267 192.105774 69.761353 0.514610 0.725890 0.560570
136.033813 192.755173 69.474464 0.514610 0.725890 0.560570
135.336990 193.436783 69.253174 0.514610 0.725890 0.560570
134.676956 194.149811 69.019714 0.514610 0.725890 0.560570
134.065994 194.878571 68.714325 0.514610 0.725890 0.560570
133.517212 195.624573 68.339798 0.514610 0.725890 0.560570
133.065628 196.402496 67.908272 0.514610 0.725890 0.560570
132.823593 197.215485 67.378693 0.514610 0.725890 0.560570
132.635956 198.021606 66.820877 0.514610 0.725890 0.560570
132.538483 198.823151 66.231949 0.514610 0.725890 0.560570
132.521225 199.628296 65.640900 0.514610 0.725890 0.560570
132.611542 200.439651 65.066879 0.514610 0.725890 0.560570
132.818344 201.256500 64.531891 0.514610 0.725890 0.560570
133.101562 202.091690 64.062859 0.514610 0.725890 0.560570
72
168.853409 127.752747 69.351631 0.584010 0.728730 0.577740
168.035675 128.326279 69.377365 0.584010 0.728730 0.577740
167.260422 128.956375 69.374435 0.584010 0.728730 0.577740
166.522552 129.630936 69.387085 0.584010 0.728730 0.577740
165.785736 130.306625 69.393341 0.584010 0.728730 0.577740
165.035797 130.966202 69.352753 0.584010 0.728730 0.577740
164.294083 131.632523 69.278450 0.584010 0.728730 0.577740
163.582092 132.331863 69.240845 0.584010 0.728730 0.577740
162.897491 133.058243 69.285629 0.584010 0.728730 0.577740
162.231613 133.799255 69.371246 0.584010 0.728730 0.577740
161.585358 134.557327 69.457886 0.584010 0.728730 0.577740
160.949890 135.324570 69.544594 0.584010 0.728730 0.577740
160.305008 136.084106 69.628510 0.584010 0.728730 0.577740
159.644608 136.829117 69.721367 0.584010 0.728730 0.577740
158.989655 137.571640 69.857780 0.584010 0.728730 0.577740
158.361099 138.321243 70.061775 0.584010 0.728730 0.577740
157.756073 139.068466 70.334724 0.584010 0.728730 0.577740
157.164932 139.801971 70.668900 0.584010 0.728730 0.577740
156.586304 140.523849 71.047997 0.584010 0.728730 0.577740
156.026978 141.248489 71.450264 0.584010 0.728730 0.577740
155.495590 141.989090 71.861122 0.584010 0.728730 0.577740
154.997849 142.755035 72.267319 0.584010 0.728730 0.577740
154.542648 143.559006 72.648109 0.584010 0.728730 0.577740
154.146988 144.409805 72.990913 0.584010 0.728730 0.577740
153.824203 145.304214 73.297333 0.584010 0.728730 0.577740
153.565643 146.230270 73.570190 0.584010 0.728730 0.577740
153.336090 147.172623 73.813156 0.584010 0.728730 0.577740
153.097061 148.118118 74.033707 0.584010 0.728730 0.577740
152.834106 149.061905 74.233315 0.584010 0.728730 0.577740
152.550919 150.005844 74.401321 0.584010 0.728730 0.577740
152.256821 150.953415 74.523483 0.584010 0.728730 0.577740
151.960129 151.905167 74.598549 0.584010 0.728730 0.577740
151.670273 152.861420 74.631805 0.584010 0.728730 0.577740
151.404938 153.825363 74.637680 0.584010 0.728730 0.577740
151.173141 154.797958 74.641388 0.584010 0.728730 0.577740
150.960526 155.774918 74.658226 0.584010 0.728730 0.577740
150.739502 156.749695 74.686165 0.584010 0.728730 0.577740
150.492844 157.718353 74.710953 0.584010 0.728730 0.577740
150.212845 158.678024 74.714005 0.584010 0.728730 0.577740
149.898254 159.626389 74.682686 0.584010 0.728730 0.577740
149.579285 160.569977 74.600479 0.584010 0.728730 0.577740
149.293015 161.516357 74.455002 0.584010 0.728730 0.577740
149.018509 162.462601 74.284096 0.584010 0.728730 0.577740
148.712463 163.402893 74.138153 0.584010 0.728730 0.577740
148.370941 164.335663 74.024071 0.584010 0.728730 0.577740
148.012772 165.264084 73.925583 0.584010 0.728730 0.577740
147.640350 166.187851 73.837250 0.584010 0.728730 0.577740
147.238403 167.100250 73.763374 0.584010 0.728730 0.577740
146.804428 167.998993 73.702393 0.584010 0.728730 0.577740
146.361542 168.893280 73.638718 0.584010 0.728730 0.577740
145.938446 169.795212 73.554802 0.584010 0.728730 0.577740
145.543304 170.707932 73.451942 0.584010 0.728730 0.577740
145.167648 171.628632 73.346466 0.584010 0.728730 0.577740
144.802017 172.554337 73.249901 0.584010 0.728730 0.577740
144.435623 173.479980 73.155449 0.584010 0.728730 0.577740
144.061890 174.401352 73.049118 0.584010 0.728730 0.577740
143.682602 175.318176 72.924644 0.584010 0.728730 0.577740
143.298676 176.229233 72.775253 0.584010 0.728730 0.577740
142.901901 177.128952 72.594452 0.584010 0.728730 0.577740
142.476227 178.008209 72.382431 0.584010 0.728730 0.577740
142.006027 178.854935 72.136284 0.584010 0.728730 0.577740
141.469055 179.651276 71.862648 0.584010 0.728730 0.577740
140.859238 180.391235 71.581810 0.584010 0.728730 0.577740
140.185547 181.081207 71.320740 0.584010 0.728730 0.577740
139.450333 181.721207 71.102470 0.584010 0.728730 0.577740
138.679657 182.323730 70.896004 0.584010 0.728730 0.577740
137.951324 182.935516 70.599464 0.584010 0.728730 0.577740
137.337784 183.598831 70.179893 0.584010 0.728730 0.577740
136.839035 184.331451 69.720863 0.584010 0.728730 0.577740
136.408340 185.113739 69.271477 0.584010 0.728730 0.577740
135.985626 185.886627 68.798241 0.584010 0.728730 0.577740
135.539337 186.644653 68.323425 0.584010 0.728730 0.577740
79
168.853302 128.423996 69.885651 0.557720 0.727890 0.598230
168.053146 129.016922 69.961525 0.557720 0.727890 0.598230
167.304260 129.675751 70.021057 0.557720 0.727890 0.598230
166.579636 130.362778 70.073219 0.557720 0.727890 0.598230
165.845245 131.040573 70.079063 0.557720 0.727890 0.598230
165.108200 131.714783 70.035759 0.557720 0.727890 0.598230
164.390381 132.409149 69.993271 0.557720 0.727890 0.598230
163.694305 133.125809 70.007195 0.557720 0.727890 0.598230
163.010864 133.853363 70.066505 0.557720 0.727890 0.598230
162.351776 134.603088 70.117752 0.557720 0.727890 0.598230
161.731171 135.385986 70.153885 0.557720 0.727890 0.598230
161.140793 136.191956 70.194366 0.557720 0.727890 0.598230
160.573502 137.012939 70.255257 0.557720 0.727890 0.598230
160.033600 137.844376 70.377434 0.557720 0.727890 0.598230
159.533630 138.677338 70.606041 0.557720 0.727890 0.598230
159.087555 139.501953 70.948402 0.557720 0.727890 0.598230
158.695740 140.306366 71.391884 0.557720 0.727890 0.598230
158.323135 141.071350 71.915672 0.557720 0.727890 0.598230
157.910294 141.778397 72.487083 0.557720 0.727890 0.598230
157.415604 142.421814 73.068344 0.557720 0.727890 0.598230
156.851547 143.024826 73.631851 0.557720 0.727890 0.598230
156.271439 143.631622 74.174988 0.557720 0.727890 0.598230
155.719467 144.261765 74.720528 0.557720 0.727890 0.598230
155.213058 144.897263 75.302292 0.557720 0.727890 0.598230
154.749374 145.515076 75.936417 0.557720 0.727890 0.598230
154.309036 146.113190 76.605888 0.557720 0.727890 0.598230
153.872696 146.712646 77.276787 0.557720 0.727890 0.598230
153.441986 147.332870 77.932236 0.557720 0.727890 0.598230
153.028458 147.974503 78.578056 0.557720 0.727890 0.598230
152.640533 148.640030 79.215363 0.557720 0.727890 0.598230
152.285919 149.339157 79.835625 0.557720 0.727890 0.598230
151.968399 150.070923 80.438278 0.557720 0.727890 0.598230
151.675415 150.824600 81.026428 0.557720 0.727890 0.598230
151.384018 151.602402 81.582321 0.557720 0.727890 0.598230
151.081039 152.421509 82.065735 0.557720 0.727890 0.598230
150.771729 153.289032 82.451393 0.557720 0.727890 0.598230
150.468628 154.190567 82.758446 0.557720 0.727890 0.598230
150.168655 155.108261 83.018265 0.557720 0.727890 0.598230
149.859894 156.030029 83.252586 0.557720 0.727890 0.598230
149.541489 156.950256 83.480164 0.557720 0.727890 0.598230
149.220108 157.866821 83.717918 0.557720 0.727890 0.598230
148.890930 158.774719 83.976875 0.557720 0.727890 0.598230
148.538956 159.668411 84.254509 0.557720 0.727890 0.598230
148.157196 160.545792 84.544510 0.557720 0.727890 0.598230
147.746185 161.404648 84.849373 0.557720 0.727890 0.598230
147.312897 162.246338 85.171341 0.557720 0.727890 0.598230
146.898148 163.105850 85.463150 0.557720 0.727890 0.598230
146.612778 164.037872 85.571472 0.557720 0.727890 0.598230
146.475021 165.018631 85.453964 0.557720 0.727890 0.598230
146.365677 165.994781 85.266693 0.557720 0.727890 0.598230
146.226578 166.966339 85.076218 0.557720 0.727890 0.598230
146.041504 167.931366 84.892044 0.557720 0.727890 0.598230
145.815460 168.888062 84.709457 0.557720 0.727890 0.598230
145.561020 169.836365 84.520309 0.557720 0.727890 0.598230
145.287125 170.775726 84.314438 0.557720 0.727890 0.598230
145.000717 171.705002 84.081779 0.557720 0.727890 0.598230
144.707642 172.625488 83.823509 0.557720 0.727890 0.598230
144.408188 173.541351 83.556137 0.557720 0.727890 0.598230
144.100861 174.455963 83.293427 0.557720 0.727890 0.598230
143.782974 175.368454 83.036018 0.557720 0.727890 0.598230
143.440552 176.273590 82.784874 0.557720 0.727890 0.598230
143.053452 177.164581 82.549667 0.557720 0.727890 0.598230
142.609848 178.034866 82.338486 0.557720 0.727890 0.598230
142.105820 178.876892 82.149696 0.557720 0.727890 0.598230
141.545959 179.686234 81.974663 0.557720 0.727890 0.598230
140.938751 180.462357 81.806694 0.557720 0.727890 0.598230
140.284012 181.201996 81.654724 0.557720 0.727890 0.598230
139.575562 181.897995 81.548302 0.557720 0.727890 0.598230
138.817535 182.547272 81.501755 0.557720 0.727890 0.598230
138.019012 183.149078 81.488190 0.557720 0.727890 0.598230
137.214294 183.742538 81.477463 0.557720 0.727890 0.598230
136.398132 184.319321 81.497200 0.557720 0.727890 0.598230
135.576935 184.882584 81.580948 0.557720 0.727890 0.598230
134.764938 185.448166 81.723091 0.557720 0.727890 0.598230
133.980042 186.036606 81.913605 0.557720 0.727890 0.598230
133.235794 186.644653 82.183441 0.557720 0.727890 0.598230
132.529724 187.258545 82.534683 0.557720 0.727890 0.598230
131.854034 187.888031 82.917839 0.557720 0.727890 0.598230
131.213486 188.553177 83.300423 0.557720 0.727890 0.598230
85
132.093948 193.490082 72.561226 0.564540 0.723510 0.584300
132.837402 192.873672 72.818863 0.564540 0.723510 0.584300
133.536362 192.218506 73.103012 0.564540 0.723510 0.584300
134.176086 191.532150 73.444954 0.564540 0.723510 0.584300
134.736526 190.808472 73.843781 0.564540 0.723510 0.584300
135.220749 190.035950 74.252266 0.564540 0.723510 0.584300
135.669159 189.218246 74.610817 0.564540 0.723510 0.584300
136.113235 188.375107 74.913322 0.564540 0.723510 0.584300
136.554764 187.525513 75.201782 0.564540 0.723510 0.584300
137.006073 186.683090 75.495804 0.564540 0.723510 0.584300
137.498291 185.859970 75.777054 0.564540 0.723510 0.584300
138.043472 185.062592 76.034096 0.564540 0.723510 0.584300
138.623398 184.285126 76.277100 0.564540 0.723510 0.584300
139.216568 183.517166 76.518692 0.564540 0.723510 0.584300
139.814102 182.755005 76.767776 0.564540 0.723510 0.584300
140.408722 181.997086 77.035744 0.564540 0.723510 0.584300
140.987671 181.236160 77.328201 0.564540 0.723510 0.584300
141.540970 180.458115 77.624924 0.564540 0.723510 0.584300
142.060150 179.649033 77.898544 0.564540 0.723510 0.584300
142.526611 178.799759 78.142197 0.564540 0.723510 0.584300
142.918106 177.909927 78.372139 0.564540 0.723510 0.584300
143.254105 176.998550 78.609306 0.564540 0.723510 0.584300
143.582047 176.087234 78.858086 0.564540 0.723510 0.584300
143.915909 175.179947 79.113747 0.564540 0.723510 0.584300
144.241806 174.269699 79.369019 0.564540 0.723510 0.584300
144.550842 173.352341 79.619743 0.564540 0.723510 0.584300
144.850342 172.429367 79.861336 0.564540 0.723510 0.584300
145.152710 171.502823 80.084831 0.564540 0.723510 0.584300
145.461945 170.573700 80.287292 0.564540 0.723510 0.584300
145.774200 169.643036 80.477974 0.564540 0.723510 0.584300
146.078674 168.710831 80.673363 0.564540 0.723510 0.584300
146.357300 167.775391 80.889618 0.564540 0.723510 0.584300
146.598465 166.837830 81.138779 0.564540 0.723510 0.584300
146.804718 165.901077 81.420700 0.564540 0.723510 0.584300
146.984421 164.963715 81.718903 0.564540 0.723510 0.584300
147.146667 164.019531 82.005188 0.564540 0.723510 0.584300
147.309616 163.058228 82.219818 0.564540 0.723510 0.584300
147.528244 162.096878 82.200211 0.564540 0.723510 0.584300
147.814545 161.203018 81.873543 0.564540 0.723510 0.584300
148.098755 160.365234 81.409294 0.564540 0.723510 0.584300
148.353714 159.538239 80.908646 0.564540 0.723510 0.584300
148.588669 158.702560 80.412506 0.564540 0.723510 0.584300
148.830383 157.847412 79.956032 0.564540 0.723510 0.584300
149.088287 156.959229 79.579430 0.564540 0.723510 0.584300
149.335022 156.032791 79.298737 0.564540 0.723510 0.584300
149.542282 155.078278 79.086723 0.564540 0.723510 0.584300
149.714493 154.110275 78.904762 0.564540 0.723510 0.584300
149.876724 153.139603 78.727356 0.564540 0.723510 0.584300
150.036591 152.173035 78.526901 0.564540 0.723510 0.584300
150.178558 151.206848 78.312836 0.564540 0.723510 0.584300
150.281921 150.241531 78.074097 0.564540 0.723510 0.584300
150.352371 149.275528 77.825653 0.564540 0.723510 0.584300
150.404709 148.307709 77.579529 0.564540 0.723510 0.584300
150.445358 147.342545 77.321510 0.564540 0.723510 0.584300
150.474625 146.388443 77.024826 0.564540 0.723510 0.584300
150.507721 145.451309 76.678574 0.564540 0.723510 0.584300
150.572876 144.527237 76.302711 0.564540 0.723510 0.584300
150.696945 143.609085 75.927979 0.564540 0.723510 0.584300
150.910583 142.710587 75.548470 0.564540 0.723510 0.584300
151.246780 141.876526 75.120438 0.564540 0.723510 0.584300
151.701233 141.140228 74.626106 0.564540 0.723510 0.584300
152.236664 140.492538 74.086441 0.564540 0.723510 0.584300
152.812683 139.882523 73.542519 0.564540 0.723510 0.584300
153.404633 139.253555 73.039993 0.564540 0.723510 0.584300
154.021820 138.602295 72.599960 0.564540 0.723510 0.584300
154.703049 137.981842 72.215279 0.564540 0.723510 0.584300
155.454407 137.412537 71.884155 0.564540 0.723510 0.584300
156.234680 136.851913 71.608276 0.564540 0.723510 0.584300
157.013092 136.267548 71.380539 0.564540 0.723510 0.584300
157.781845 135.655334 71.197533 0.564540 0.723510 0.584300
158.530045 135.006012 71.067650 0.564540 0.723510 0.584300
159.246628 134.313049 70.999580 0.564540 0.723510 0.584300
159.944016 133.596848 70.988480 0.564540 0.723510 0.584300
160.646439 132.885254 70.996307 0.564540 0.723510 0.584300
161.364197 132.189682 70.976067 0.564540 0.723510 0.584300
162.085144 131.497940 70.934967 0.564540 0.723510 0.584300
162.799194 130.798843 70.897858 0.564540 0.723510 0.584300
163.514816 130.103104 70.840958 0.564540 0.723510 0.584300
164.237793 129.419891 70.740784 0.564540 0.723510 0.584300
164.963501 128.740814 70.630974 0.564540 0.723510 0.584300
165.698639 128.066559 70.580971 0.564540 0.723510 0.584300
166.459412 127.419380 70.609772 0.564540 0.723510 0.584300
167.252777 126.812645 70.643982 0.564540 0.723510 0.584300
168.066467 126.234505 70.607368 0.564540 0.723510 0.584300
168.878418 125.657707 70.518463 0.564540 0.723510 0.584300
78
131.269028 188.496857 84.377182 0.545940 0.727440 0.592900
131.911469 187.859497 83.954079 0.545940 0.727440 0.592900
132.606705 187.258209 83.561378 0.545940 0.727440 0.592900
133.340881 186.691193 83.189049 0.545940 0.727440 0.592900
134.115326 186.143997 82.875389 0.545940 0.727440 0.592900
134.927643 185.611374 82.641258 0.545940 0.727440 0.592900
135.762085 185.086319 82.477226 0.545940 0.727440 0.592900
136.604584 184.556519 82.390175 0.545940 0.727440 0.592900
137.447693 184.019821 82.379082 0.545940 0.727440 0.592900
138.288773 183.479340 82.400185 0.545940 0.727440 0.592900
139.124741 182.930847 82.411156 0.545940 0.727440 0.592900
139.943848 182.358047 82.426346 0.545940 0.727440 0.592900
140.729736 181.743713 82.481483 0.545940 0.727440 0.592900
141.467316 181.076508 82.574753 0.545940 0.727440 0.592900
142.145721 180.352295 82.689590 0.545940 0.727440 0.592900
142.756775 179.575882 82.835320 0.545940 0.727440 0.592900
143.286880 178.752792 83.030914 0.545940 0.727440 0.592900
143.725067 177.890274 83.278435 0.545940 0.727440 0.592900
144.074493 177.001419 83.571320 0.545940 0.727440 0.592900
144.358871 176.098145 83.891754 0.545940 0.727440 0.592900
144.617493 175.186630 84.211403 0.545940 0.727440 0.592900
144.875336 174.271439 84.521103 0.545940 0.727440 0.592900
145.131943 173.356384 84.832230 0.545940 0.727440 0.592900
145.378128 172.440323 85.148720 0.545940 0.727440 0.592900
145.610062 171.516647 85.453354 0.545940 0.727440 0.592900
145.830551 170.579285 85.721802 0.545940 0.727440 0.592900
146.042847 169.627762 85.942924 0.545940 0.727440 0.592900
146.246140 168.666336 86.127693 0.545940 0.727440 0.592900
146.433121 167.698883 86.297813 0.545940 0.727440 0.592900
146.594070 166.726273 86.464722 0.545940 0.727440 0.592900
146.732651 165.748138 86.619240 0.545940 0.727440 0.592900
146.884323 164.766449 86.725967 0.545940 0.727440 0.592900
147.114609 163.797791 86.730034 0.545940 0.727440 0.592900
147.457245 162.867874 86.617767 0.545940 0.727440 0.592900
147.866531 161.972519 86.443695 0.545940 0.727440 0.592900
148.286575 161.086044 86.249634 0.545940 0.727440 0.592900
148.691406 160.196426 86.038780 0.545940 0.727440 0.592900
149.074844 159.301971 85.809166 0.545940 0.727440 0.592900
149.437286 158.401367 85.569504 0.545940 0.727440 0.592900
149.785522 157.496979 85.322983 0.545940 0.727440 0.592900
150.130630 156.597946 85.054024 0.545940 0.727440 0.592900
150.477066 155.711380 84.748169 0.545940 0.727440 0.592900
150.822998 154.838242 84.405159 0.545940 0.727440 0.592900
151.173523 153.986938 84.016075 0.545940 0.727440 0.592900
151.532257 153.193970 83.529694 0.545940 0.727440 0.592900
151.881332 152.523041 82.883553 0.545940 0.727440 0.592900
152.202240 151.963196 82.120804 0.545940 0.727440 0.592900
152.501862 151.436111 81.325592 0.545940 0.727440 0.592900
152.799286 150.900772 80.535057 0.545940 0.727440 0.592900
153.101425 150.363541 79.747620 0.545940 0.727440 0.592900
153.410034 149.828949 78.960884 0.545940 0.727440 0.592900
153.718430 149.298569 78.171204 0.545940 0.727440 0.592900
154.019272 148.762360 77.382607 0.545940 0.727440 0.592900
154.311661 148.208832 76.602875 0.545940 0.727440 0.592900
154.604095 147.633789 75.838943 0.545940 0.727440 0.592900
154.908096 147.034775 75.098465 0.545940 0.727440 0.592900
155.237167 146.406601 74.394157 0.545940 0.727440 0.592900
155.604584 145.751358 73.734993 0.545940 0.727440 0.592900
156.010895 145.089539 73.105278 0.545940 0.727440 0.592900
156.437531 144.450256 72.465935 0.545940 0.727440 0.592900
156.857605 143.843872 71.791245 0.545940 0.727440 0.592900
157.252396 143.249496 71.090843 0.545940 0.727440 0.592900
157.617996 142.638641 70.388870 0.545940 0.727440 0.592900
157.960800 142.001312 69.698936 0.545940 0.727440 0.592900
158.293945 141.343658 69.023354 0.545940 0.727440 0.592900
158.635223 140.678146 68.359634 0.545940 0.727440 0.592900
158.994675 140.014587 67.703621 0.545940 0.727440 0.592900
159.368805 139.351151 67.055695 0.545940 0.727440 0.592900
159.749985 138.681259 66.418587 0.545940 0.727440 0.592900
160.140182 138.003342 65.795662 0.545940 0.727440 0.592900
160.554596 137.326111 65.187996 0.545940 0.727440 0.592900
161.004883 136.668427 64.584587 0.545940 0.727440 0.592900
161.491562 136.053299 63.965221 0.545940 0.727440 0.592900
162.008789 135.505569 63.309185 0.545940 0.727440 0.592900
162.550949 135.034882 62.614223 0.545940 0.727440 0.592900
163.123428 134.619751 61.907566 0.545940 0.727440 0.592900
163.746384 134.230728 61.230118 0.545940 0.727440 0.592900
164.468460 133.879730 60.641087 0.545940 0.727440 0.592900
