12
52
138.848450 145.527267 94.738678 0.671670 0.621870 0.616980
137.968781 145.099335 94.539474 0.671670 0.621870 0.616980
137.130783 144.619568 94.281242 0.671670 0.621870 0.616980
136.313766 144.104813 94.021980 0.671670 0.621870 0.616980
135.503799 143.569061 93.783775 0.671670 0.621870 0.616980
134.710571 143.006744 93.551193 0.671670 0.621870 0.616980
133.950073 142.409653 93.297577 0.671670 0.621870 0.616980
133.221344 141.788269 93.010612 0.671670 0.621870 0.616980
132.515732 141.155548 92.692078 0.671670 0.621870 0.616980
131.828247 140.510284 92.359131 0.671670 0.621870 0.616980
131.160370 139.831039 92.058113 0.671670 0.621870 0.616980
130.528259 139.100342 91.802559 0.671670 0.621870 0.616980
129.941116 138.319427 91.596184 0.671670 0.621870 0.616980
129.413223 137.482910 91.460213 0.671670 0.621870 0.616980
128.959396 136.597366 91.372223 0.671670 0.621870 0.616980
128.530106 135.695923 91.328873 0.671670 0.621870 0.616980
128.092194 134.797653 91.347816 0.671670 0.621870 0.616980
127.686104 133.885498 91.394676 0.671670 0.621870 0.616980
127.326309 132.953110 91.414963 0.671670 0.621870 0.616980
126.944633 132.029770 91.397133 0.671670 0.621870 0.616980
126.483292 131.144196 91.369553 0.671670 0.621870 0.616980
125.960640 130.291992 91.360474 0.671670 0.621870 0.616980
125.453461 129.431564 91.382561 0.671670 0.621870 0.616980
125.060051 128.516144 91.423965 0.671670 0.621870 0.616980
124.762802 127.562546 91.466095 0.671670 0.621870 0.616980
124.469574 126.608192 91.519821 0.671670 0.621870 0.616980
124.152443 125.665565 91.617981 0.671670 0.621870 0.616980
123.868530 124.720268 91.771515 0.671670 0.621870 0.616980
123.673744 123.755463 91.941681 0.671670 0.621870 0.616980
123.538498 122.776993 92.096886 0.671670 0.621870 0.616980
123.418457 121.795738 92.247490 0.671670 0.621870 0.616980
123.321167 120.814659 92.413536 0.671670 0.621870 0.616980
123.277313 119.832596 92.593559 0.671670 0.621870 0.616980
123.296219 118.848602 92.768440 0.671670 0.621870 0.616980
123.333435 117.859291 92.906166 0.671670 0.621870 0.616980
123.332764 116.863457 92.989265 0.671670 0.621870 0.616980
123.283226 115.865814 93.027504 0.671670 0.621870 0.616980
123.214172 114.868355 93.030243 0.671670 0.621870 0.616980
123.159210 113.870193 93.009438 0.671670 0.621870 0.616980
123.125404 112.871124 92.984169 0.671670 0.621870 0.616980
123.103920 111.871506 92.968979 0.671670 0.621870 0.616980
123.102966 110.871796 92.977486 0.671670 0.621870 0.616980
123.160072 109.874763 93.007378 0.671670 0.621870 0.616980
123.307281 108.887627 93.008591 0.671670 0.621870 0.616980
123.522552 107.916252 92.924232 0.671670 0.621870 0.616980
123.748383 106.955963 92.762749 0.671670 0.621870 0.616980
123.975159 106.006157 92.547234 0.671670 0.621870 0.616980
124.222443 105.065575 92.316139 0.671670 0.621870 0.616980
124.492538 104.138031 92.058189 0.671670 0.621870 0.616980
124.734879 103.204895 91.794403 0.671670 0.621870 0.616980
124.941742 102.259094 91.544418 0.671670 0.621870 0.616980
125.170227 101.311058 91.325958 0.671670 0.621870 0.616980
53
138.891052 143.910934 95.612717 0.686080 0.622160 0.621210
138.053314 143.516998 95.237862 0.686080 0.622160 0.621210
137.250229 143.050751 94.868385 0.686080 0.622160 0.621210
136.455292 142.540695 94.541336 0.686080 0.622160 0.621210
135.663467 142.000137 94.257889 0.686080 0.622160 0.621210
134.895081 141.422028 93.984711 0.686080 0.622160 0.621210
134.162781 140.807358 93.692726 0.686080 0.622160 0.621210
133.458130 140.169876 93.381462 0.686080 0.622160 0.621210
132.773941 139.513763 93.063347 0.686080 0.622160 0.621210
132.123123 138.827194 92.740562 0.686080 0.622160 0.621210
131.519424 138.097168 92.422165 0.686080 0.622160 0.621210
130.954895 137.316742 92.160408 0.686080 0.622160 0.621210
130.453781 136.472961 91.978973 0.686080 0.622160 0.621210
130.045380 135.571411 91.845970 0.686080 0.622160 0.621210
129.669937 134.649704 91.754021 0.686080 0.622160 0.621210
129.273392 133.733047 91.713058 0.686080 0.622160 0.621210
128.861954 132.821701 91.702438 0.686080 0.622160 0.621210
128.449371 131.910797 91.696312 0.686080 0.622160 0.621210
128.030457 131.002808 91.694046 0.686080 0.622160 0.621210
127.599724 130.100388 91.701828 0.686080 0.622160 0.621210
127.172211 129.196564 91.716064 0.686080 0.622160 0.621210
126.768814 128.282242 91.743332 0.686080 0.622160 0.621210
126.416740 127.348274 91.791214 0.686080 0.622160 0.621210
126.163788 126.383835 91.841423 0.686080 0.622160 0.621210
126.012070 125.396645 91.872101 0.686080 0.622160 0.621210
125.854836 124.410034 91.887535 0.686080 0.622160 0.621210
125.594261 123.446800 91.904495 0.686080 0.622160 0.621210
125.259506 122.505081 91.935051 0.686080 0.622160 0.621210
124.935448 121.561005 91.987610 0.686080 0.622160 0.621210
124.671181 120.601181 92.071861 0.686080 0.622160 0.621210
124.482460 119.625092 92.174080 0.686080 0.622160 0.621210
124.351181 118.637306 92.252701 0.686080 0.622160 0.621210
124.237579 117.644600 92.272522 0.686080 0.622160 0.621210
124.124954 116.651581 92.241875 0.686080 0.622160 0.621210
124.017006 115.659081 92.185287 0.686080 0.622160 0.621210
123.911415 114.667313 92.113106 0.686080 0.622160 0.621210
123.806007 113.675797 92.037056 0.686080 0.622160 0.621210
123.705734 112.683022 91.972092 0.686080 0.622160 0.621210
123.632202 111.686989 91.927612 0.686080 0.622160 0.621210
123.625771 110.688332 91.905807 0.686080 0.622160 0.621210
123.730103 109.696098 91.892357 0.686080 0.622160 0.621210
123.938087 108.720383 91.845665 0.686080 0.622160 0.621210
124.175133 107.759895 91.699791 0.686080 0.622160 0.621210
124.403473 106.800285 91.536621 0.686080 0.622160 0.621210
124.633430 105.846069 91.345978 0.686080 0.622160 0.621210
124.879196 104.899139 91.138947 0.686080 0.622160 0.621210
125.109787 103.950851 90.921783 0.686080 0.622160 0.621210
125.301147 102.994843 90.700302 0.686080 0.622160 0.621210
125.492722 102.038841 90.478996 0.686080 0.622160 0.621210
125.744202 101.095657 90.265724 0.686080 0.622160 0.621210
126.066284 100.172775 90.056931 0.686080 0.622160 0.621210
126.427757 99.271324 89.820335 0.686080 0.622160 0.621210
126.798080 98.381577 89.553574 0.686080 0.622160 0.621210
54
135.675003 152.506058 93.630417 0.654150 0.625150 0.613750
134.988388 151.848907 93.321640 0.654150 0.625150 0.613750
134.263763 151.208359 93.069252 0.654150 0.625150 0.613750
133.507690 150.589386 92.857887 0.654150 0.625150 0.613750
132.748947 149.967346 92.665009 0.654150 0.625150 0.613750
132.021072 149.311432 92.467201 0.654150 0.625150 0.613750
131.348679 148.601471 92.261887 0.654150 0.625150 0.613750
130.756317 147.818970 92.079849 0.654150 0.625150 0.613750
130.243317 146.970169 91.969559 0.654150 0.625150 0.613750
129.783112 146.083801 91.931549 0.654150 0.625150 0.613750
129.363098 145.176743 91.936882 0.654150 0.625150 0.613750
128.997467 144.247452 91.974586 0.654150 0.625150 0.613750
128.698761 143.294708 92.020752 0.654150 0.625150 0.613750
128.437714 142.329849 92.034035 0.654150 0.625150 0.613750
128.166199 141.368088 92.006241 0.654150 0.625150 0.613750
127.886482 140.408875 91.967422 0.654150 0.625150 0.613750
127.657661 139.436798 91.940094 0.654150 0.625150 0.613750
127.515656 138.448288 91.907410 0.654150 0.625150 0.613750
127.413086 137.455811 91.843948 0.654150 0.625150 0.613750
127.262749 136.470978 91.768890 0.654150 0.625150 0.613750
127.034447 135.498886 91.736000 0.654150 0.625150 0.613750
126.805054 134.526321 91.755241 0.654150 0.625150 0.613750
126.624451 133.543503 91.787506 0.654150 0.625150 0.613750
126.437340 132.561707 91.804306 0.654150 0.625150 0.613750
126.168228 131.600204 91.808739 0.654150 0.625150 0.613750
125.821693 130.662567 91.821426 0.654150 0.625150 0.613750
125.496887 129.719162 91.863228 0.654150 0.625150 0.613750
125.273804 128.748749 91.936974 0.654150 0.625150 0.613750
125.123360 127.764557 92.028481 0.654150 0.625150 0.613750
125.003258 126.777550 92.134026 0.654150 0.625150 0.613750
124.908737 125.790382 92.261185 0.654150 0.625150 0.613750
124.832558 124.803749 92.405121 0.654150 0.625150 0.613750
124.748459 123.816666 92.540161 0.654150 0.625150 0.613750
124.639404 122.829041 92.651718 0.654150 0.625150 0.613750
124.523445 121.841698 92.759529 0.654150 0.625150 0.613750
124.432503 120.855148 92.892532 0.654150 0.625150 0.613750
124.389633 119.868523 93.047508 0.654150 0.625150 0.613750
124.393089 118.878181 93.182869 0.654150 0.625150 0.613750
124.406525 117.881706 93.254105 0.654150 0.625150 0.613750
124.393784 116.882202 93.262810 0.654150 0.625150 0.613750
124.353165 115.883446 93.238808 0.654150 0.625150 0.613750
124.298515 114.886223 93.190132 0.654150 0.625150 0.613750
124.236092 113.890450 93.123093 0.654150 0.625150 0.613750
124.166695 112.895020 93.057892 0.654150 0.625150 0.613750
124.105682 111.898102 93.011261 0.654150 0.625150 0.613750
124.092339 110.899185 92.989258 0.654150 0.625150 0.613750
124.238365 109.910065 92.971519 0.654150 0.625150 0.613750
124.425003 108.929871 92.927330 0.654150 0.625150 0.613750
124.655205 107.962730 92.824265 0.654150 0.625150 0.613750
124.894135 107.003540 92.674034 0.654150 0.625150 0.613750
125.176331 106.062286 92.493515 0.654150 0.625150 0.613750
125.517754 105.144012 92.294350 0.654150 0.625150 0.613750
125.853752 104.221336 92.108315 0.654150 0.625150 0.613750
126.131493 103.272278 91.966728 0.654150 0.625150 0.613750
47
137.508530 148.240677 94.952766 0.654800 0.628990 0.617990
136.696808 147.710724 94.711174 0.654800 0.628990 0.617990
135.919418 147.130585 94.468773 0.654800 0.628990 0.617990
135.157272 146.528793 94.230240 0.654800 0.628990 0.617990
134.411041 145.915512 93.972031 0.654800 0.628990 0.617990
133.689285 145.291290 93.674202 0.654800 0.628990 0.617990
132.993179 144.654297 93.343414 0.654800 0.628990 0.617990
132.312698 144.006012 93.001884 0.654800 0.628990 0.617990
131.645721 143.344635 92.658974 0.654800 0.628990 0.617990
130.992905 142.661270 92.333008 0.654800 0.628990 0.617990
130.362167 141.932877 92.071854 0.654800 0.628990 0.617990
129.785370 141.136322 91.903534 0.654800 0.628990 0.617990
129.281845 140.279251 91.808167 0.654800 0.628990 0.617990
128.854523 139.377655 91.764587 0.654800 0.628990 0.617990
128.523834 138.435577 91.749138 0.654800 0.628990 0.617990
128.291275 137.464050 91.727638 0.654800 0.628990 0.617990
128.087692 136.485352 91.702553 0.654800 0.628990 0.617990
127.839066 135.517944 91.720802 0.654800 0.628990 0.617990
127.566284 134.559036 91.795197 0.654800 0.628990 0.617990
127.329216 133.591873 91.883072 0.654800 0.628990 0.617990
127.117081 132.616943 91.947792 0.654800 0.628990 0.617990
126.869949 131.649429 91.989769 0.654800 0.628990 0.617990
126.576027 130.694519 92.028755 0.654800 0.628990 0.617990
126.290802 129.737900 92.080673 0.654800 0.628990 0.617990
126.063293 128.767685 92.154503 0.654800 0.628990 0.617990
125.895370 127.786568 92.247032 0.654800 0.628990 0.617990
125.785606 126.798393 92.349060 0.654800 0.628990 0.617990
125.739922 125.805550 92.454857 0.654800 0.628990 0.617990
125.730186 124.810982 92.558388 0.654800 0.628990 0.617990
125.694023 123.816719 92.653419 0.654800 0.628990 0.617990
125.598602 122.825829 92.744377 0.654800 0.628990 0.617990
125.473907 121.839066 92.847397 0.654800 0.628990 0.617990
125.364128 120.853676 92.975647 0.654800 0.628990 0.617990
125.288231 119.867119 93.119362 0.654800 0.628990 0.617990
125.245377 118.875717 93.239479 0.654800 0.628990 0.617990
125.221458 117.878433 93.297852 0.654800 0.628990 0.617990
125.200287 116.878845 93.300011 0.654800 0.628990 0.617990
125.179726 115.879478 93.272873 0.654800 0.628990 0.617990
125.153496 114.881493 93.218376 0.654800 0.628990 0.617990
125.105095 113.886139 93.137268 0.654800 0.628990 0.617990
125.036438 112.892189 93.051758 0.654800 0.628990 0.617990
124.984238 111.896202 92.983643 0.654800 0.628990 0.617990
125.007355 110.899239 92.935837 0.654800 0.628990 0.617990
125.199234 109.919670 92.875648 0.654800 0.628990 0.617990
125.399246 108.943352 92.795967 0.654800 0.628990 0.617990
125.578896 107.966141 92.686981 0.654800 0.628990 0.617990
125.775536 106.994461 92.562996 0.654800 0.628990 0.617990
43
139.468597 142.889038 99.670013 0.668180 0.635480 0.629760
139.364059 142.136200 99.022232 0.668180 0.635480 0.629760
139.177933 141.469559 98.305084 0.668180 0.635480 0.629760
138.874146 140.914551 97.535301 0.668180 0.635480 0.629760
138.458099 140.444214 96.758965 0.668180 0.635480 0.629760
137.959427 139.995911 96.018570 0.668180 0.635480 0.629760
137.417450 139.507233 95.336235 0.668180 0.635480 0.629760
136.841751 138.970825 94.720863 0.668180 0.635480 0.629760
136.206894 138.416092 94.185509 0.668180 0.635480 0.629760
135.501572 137.864120 93.744820 0.668180 0.635480 0.629760
134.748337 137.307693 93.396812 0.668180 0.635480 0.629760
133.995255 136.716263 93.110916 0.668180 0.635480 0.629760
133.284744 136.062515 92.854500 0.668180 0.635480 0.629760
132.629181 135.344666 92.623848 0.668180 0.635480 0.629760
132.018326 134.577011 92.433319 0.668180 0.635480 0.629760
131.429474 133.782532 92.286591 0.668180 0.635480 0.629760
130.839874 132.981995 92.181580 0.668180 0.635480 0.629760
130.265289 132.167099 92.108971 0.668180 0.635480 0.629760
129.740097 131.318756 92.050026 0.668180 0.635480 0.629760
129.259048 130.444443 91.987335 0.668180 0.635480 0.629760
128.783279 129.567703 91.917191 0.668180 0.635480 0.629760
128.296799 128.696060 91.859558 0.668180 0.635480 0.629760
127.822723 127.816956 91.853165 0.668180 0.635480 0.629760
127.408813 126.911736 91.923538 0.668180 0.635480 0.629760
127.113274 125.965698 92.037399 0.668180 0.635480 0.629760
126.950195 124.985542 92.133789 0.668180 0.635480 0.629760
126.846367 123.993340 92.202225 0.668180 0.635480 0.629760
126.717102 123.005211 92.279587 0.668180 0.635480 0.629760
126.553841 122.025459 92.393555 0.668180 0.635480 0.629760
126.399666 121.047150 92.530945 0.668180 0.635480 0.629760
126.274460 120.064484 92.666931 0.668180 0.635480 0.629760
126.169868 119.077011 92.784035 0.668180 0.635480 0.629760
126.084686 118.084358 92.866478 0.668180 0.635480 0.629760
126.031731 117.087006 92.908165 0.668180 0.635480 0.629760
126.020294 116.087425 92.916397 0.668180 0.635480 0.629760
126.033485 115.088097 92.890274 0.668180 0.635480 0.629760
126.036819 114.090714 92.822517 0.668180 0.635480 0.629760
126.025879 113.095612 92.724762 0.668180 0.635480 0.629760
126.040054 112.101692 92.620041 0.668180 0.635480 0.629760
126.198311 111.119492 92.518814 0.668180 0.635480 0.629760
126.374916 110.141479 92.409798 0.668180 0.635480 0.629760
126.531586 109.162941 92.281776 0.668180 0.635480 0.629760
126.589890 108.175194 92.152359 0.668180 0.635480 0.629760
48
126.739456 108.338692 93.685913 0.643230 0.630400 0.615590
126.644066 109.329720 93.761612 0.643230 0.630400 0.615590
126.462814 110.309929 93.833611 0.643230 0.630400 0.615590
126.263161 111.288147 93.888214 0.643230 0.630400 0.615590
126.117462 112.275230 93.942802 0.643230 0.630400 0.615590
126.032646 113.269005 94.011703 0.643230 0.630400 0.615590
125.969818 114.264633 94.080414 0.643230 0.630400 0.615590
125.900436 115.261208 94.118629 0.643230 0.630400 0.615590
125.824631 116.258072 94.112083 0.643230 0.630400 0.615590
125.756126 117.254776 94.071083 0.643230 0.630400 0.615590
125.705559 118.250175 93.994118 0.643230 0.630400 0.615590
125.683846 119.240746 93.863609 0.643230 0.630400 0.615590
125.696159 120.225311 93.690262 0.643230 0.630400 0.615590
125.738487 121.208138 93.511261 0.643230 0.630400 0.615590
125.802444 122.193367 93.353188 0.643230 0.630400 0.615590
125.862900 123.182175 93.217560 0.643230 0.630400 0.615590
125.887085 124.173019 93.086891 0.643230 0.630400 0.615590
125.877052 125.162941 92.946167 0.643230 0.630400 0.615590
125.891708 126.151917 92.798813 0.643230 0.630400 0.615590
125.930801 127.140663 92.656555 0.643230 0.630400 0.615590
126.014091 128.128372 92.525955 0.643230 0.630400 0.615590
126.132271 129.114594 92.411598 0.643230 0.630400 0.615590
126.299210 130.095581 92.320160 0.643230 0.630400 0.615590
126.517296 131.068863 92.252159 0.643230 0.630400 0.615590
126.731224 132.043884 92.196564 0.643230 0.630400 0.615590
126.898140 133.027695 92.136765 0.643230 0.630400 0.615590
127.047867 134.013367 92.060280 0.643230 0.630400 0.615590
127.229912 134.993134 91.980530 0.643230 0.630400 0.615590
127.421700 135.973068 91.942001 0.643230 0.630400 0.615590
127.551468 136.963104 91.967262 0.643230 0.630400 0.615590
127.622307 137.959427 92.013016 0.643230 0.630400 0.615590
127.708977 138.954926 92.036552 0.643230 0.630400 0.615590
127.872826 139.940292 92.047073 0.643230 0.630400 0.615590
128.109772 140.911102 92.069710 0.643230 0.630400 0.615590
128.362885 141.878113 92.097313 0.643230 0.630400 0.615590
128.601135 142.848953 92.096268 0.643230 0.630400 0.615590
128.855743 143.814621 92.053001 0.643230 0.630400 0.615590
129.171677 144.761139 91.997665 0.643230 0.630400 0.615590
129.552490 145.684647 91.965652 0.643230 0.630400 0.615590
129.978699 146.588928 91.967148 0.643230 0.630400 0.615590
130.447311 147.469299 92.022713 0.643230 0.630400 0.615590
130.982834 148.300430 92.156036 0.643230 0.630400 0.615590
131.604446 149.060074 92.340973 0.643230 0.630400 0.615590
132.292969 149.759277 92.530731 0.643230 0.630400 0.615590
133.025436 150.415222 92.711380 0.643230 0.630400 0.615590
133.776169 151.048996 92.897484 0.643230 0.630400 0.615590
134.510834 151.691010 93.114891 0.643230 0.630400 0.615590
135.210648 152.352097 93.383408 0.643230 0.630400 0.615590
43
126.956261 108.031181 92.826218 0.662240 0.631770 0.623130
126.907829 109.023392 92.925339 0.662240 0.631770 0.623130
126.760567 110.005920 93.030739 0.662240 0.631770 0.623130
126.562157 110.981796 93.121246 0.662240 0.631770 0.623130
126.391518 111.962776 93.206360 0.662240 0.631770 0.623130
126.287361 112.952522 93.297432 0.662240 0.631770 0.623130
126.224564 113.946701 93.383865 0.662240 0.631770 0.623130
126.166862 114.943161 93.440819 0.662240 0.631770 0.623130
126.105690 115.940903 93.451263 0.662240 0.631770 0.623130
126.061226 116.939232 93.421280 0.662240 0.631770 0.623130
126.049873 117.936974 93.359497 0.662240 0.631770 0.623130
126.072556 118.931236 93.258591 0.662240 0.631770 0.623130
126.122520 119.920204 93.120399 0.662240 0.631770 0.623130
126.196274 120.905006 92.963722 0.662240 0.631770 0.623130
126.295410 121.887856 92.808891 0.662240 0.631770 0.623130
126.400581 122.873093 92.674881 0.662240 0.631770 0.623130
126.470695 123.864655 92.570290 0.662240 0.631770 0.623130
126.497147 124.859978 92.478554 0.662240 0.631770 0.623130
126.532578 125.853767 92.376511 0.662240 0.631770 0.623130
126.639282 126.840439 92.261581 0.662240 0.631770 0.623130
126.830833 127.815338 92.155342 0.662240 0.631770 0.623130
127.081619 128.779663 92.075470 0.662240 0.631770 0.623130
127.375122 129.733353 92.014511 0.662240 0.631770 0.623130
127.704010 130.675964 91.958649 0.662240 0.631770 0.623130
128.044708 131.614761 91.907822 0.662240 0.631770 0.623130
128.380142 132.555649 91.861084 0.662240 0.631770 0.623130
128.713272 133.497131 91.809898 0.662240 0.631770 0.623130
129.042999 134.440079 91.765068 0.662240 0.631770 0.623130
129.353455 135.390106 91.757515 0.662240 0.631770 0.623130
129.664124 136.338928 91.799866 0.662240 0.631770 0.623130
130.056534 137.251190 91.890198 0.662240 0.631770 0.623130
130.562546 138.093735 92.058197 0.662240 0.631770 0.623130
131.135117 138.870956 92.313438 0.662240 0.631770 0.623130
131.753143 139.594254 92.619431 0.662240 0.631770 0.623130
132.408646 140.276260 92.942924 0.662240 0.631770 0.623130
133.089432 140.935211 93.262497 0.662240 0.631770 0.623130
133.790649 141.581406 93.563286 0.662240 0.631770 0.623130
134.518326 142.209213 93.838600 0.662240 0.631770 0.623130
135.279373 142.805420 94.092911 0.662240 0.631770 0.623130
136.064804 143.368469 94.349373 0.662240 0.631770 0.623130
136.857239 143.906815 94.635223 0.662240 0.631770 0.623130
137.660919 144.411667 94.949120 0.662240 0.631770 0.623130
138.500046 144.861984 95.251228 0.662240 0.631770 0.623130
46
137.662857 148.101761 95.075638 0.653250 0.632590 0.621870
136.847321 147.577484 94.835220 0.653250 0.632590 0.621870
136.070129 146.997696 94.591553 0.653250 0.632590 0.621870
135.310501 146.393112 94.352028 0.653250 0.632590 0.621870
134.566360 145.776810 94.094940 0.653250 0.632590 0.621870
133.844147 145.151703 93.799889 0.653250 0.632590 0.621870
133.145126 144.516495 93.471771 0.653250 0.632590 0.621870
132.461365 143.871353 93.130890 0.653250 0.632590 0.621870
131.792282 143.214005 92.784378 0.653250 0.632590 0.621870
131.138565 142.536987 92.446838 0.653250 0.632590 0.621870
130.505798 141.818085 92.164185 0.653250 0.632590 0.621870
129.924393 141.030273 91.973557 0.653250 0.632590 0.621870
129.418167 140.176682 91.865211 0.653250 0.632590 0.621870
128.992035 139.274918 91.818077 0.653250 0.632590 0.621870
128.664001 138.331894 91.808228 0.653250 0.632590 0.621870
128.438965 137.358551 91.800934 0.653250 0.632590 0.621870
128.257004 136.375351 91.797539 0.653250 0.632590 0.621870
128.045609 135.399796 91.840752 0.653250 0.632590 0.621870
127.809456 134.433395 91.939911 0.653250 0.632590 0.621870
127.594246 133.463776 92.054642 0.653250 0.632590 0.621870
127.398094 132.488144 92.152122 0.653250 0.632590 0.621870
127.185692 131.514572 92.234528 0.653250 0.632590 0.621870
126.960762 130.543762 92.317596 0.653250 0.632590 0.621870
126.765564 129.567795 92.410103 0.653250 0.632590 0.621870
126.618019 128.584976 92.518295 0.653250 0.632590 0.621870
126.505432 127.600090 92.648376 0.653250 0.632590 0.621870
126.430969 126.614922 92.800797 0.653250 0.632590 0.621870
126.406586 125.628960 92.963997 0.653250 0.632590 0.621870
126.420807 124.641922 93.123253 0.653250 0.632590 0.621870
126.434456 123.653831 93.275955 0.653250 0.632590 0.621870
126.414932 122.667389 93.437332 0.653250 0.632590 0.621870
126.370918 121.685799 93.622612 0.653250 0.632590 0.621870
126.333321 120.707962 93.828156 0.653250 0.632590 0.621870
126.320007 119.730286 94.037384 0.653250 0.632590 0.621870
126.340096 118.749535 94.230103 0.653250 0.632590 0.621870
126.404510 117.764961 94.389862 0.653250 0.632590 0.621870
126.512962 116.778748 94.512169 0.653250 0.632590 0.621870
126.660408 115.793259 94.589935 0.653250 0.632590 0.621870
126.841568 114.810585 94.612122 0.653250 0.632590 0.621870
127.064522 113.836754 94.567924 0.653250 0.632590 0.621870
127.298126 112.865707 94.519417 0.653250 0.632590 0.621870
127.540695 111.896500 94.478630 0.653250 0.632590 0.621870
127.765404 110.922432 94.461739 0.653250 0.632590 0.621870
127.962952 109.942276 94.451813 0.653250 0.632590 0.621870
128.149796 108.960304 94.425400 0.653250 0.632590 0.621870
128.344772 107.980743 94.377518 0.653250 0.632590 0.621870
45
128.950485 111.168488 96.660179 0.639170 0.634970 0.620610
128.808044 112.105995 96.344292 0.639170 0.634970 0.620610
128.572311 113.043358 96.105217 0.639170 0.634970 0.620610
128.241318 113.977768 95.995827 0.639170 0.634970 0.620610
127.870377 114.905815 95.973091 0.639170 0.634970 0.620610
127.518311 115.841324 95.963608 0.639170 0.634970 0.620610
127.222137 116.793228 95.906715 0.639170 0.634970 0.620610
127.039551 117.759300 95.724022 0.639170 0.634970 0.620610
126.895981 118.724030 95.509239 0.639170 0.634970 0.620610
126.826317 119.686256 95.248543 0.639170 0.634970 0.620610
126.812088 120.646896 94.971992 0.639170 0.634970 0.620610
126.826996 121.608734 94.698952 0.639170 0.634970 0.620610
126.843628 122.575912 94.445885 0.639170 0.634970 0.620610
126.841446 123.549194 94.216881 0.639170 0.634970 0.620610
126.820396 124.523987 93.994888 0.639170 0.634970 0.620610
126.805740 125.496460 93.762756 0.639170 0.634970 0.620610
126.820160 126.467316 93.524109 0.639170 0.634970 0.620610
126.859138 127.440964 93.300064 0.639170 0.634970 0.620610
126.908020 128.420883 93.107681 0.639170 0.634970 0.620610
126.968605 129.405182 92.942551 0.639170 0.634970 0.620610
127.060760 130.389359 92.792976 0.639170 0.634970 0.620610
127.188179 131.371384 92.654549 0.639170 0.634970 0.620610
127.324417 132.353500 92.524651 0.639170 0.634970 0.620610
127.456017 133.336029 92.393143 0.639170 0.634970 0.620610
127.602692 134.315308 92.254311 0.639170 0.634970 0.620610
127.764549 135.294403 92.133041 0.639170 0.634970 0.620610
127.892372 136.283066 92.071068 0.639170 0.634970 0.620610
127.963737 137.280182 92.066551 0.639170 0.634970 0.620610
128.031158 138.277679 92.071060 0.639170 0.634970 0.620610
128.164139 139.267807 92.062553 0.639170 0.634970 0.620610
128.385590 140.242050 92.060287 0.639170 0.634970 0.620610
128.661743 141.202835 92.076607 0.639170 0.634970 0.620610
128.956207 142.158279 92.095284 0.639170 0.634970 0.620610
129.280289 143.103989 92.101059 0.639170 0.634970 0.620610
129.669495 144.024002 92.119011 0.639170 0.634970 0.620610
130.123352 144.910873 92.192665 0.639170 0.634970 0.620610
130.617126 145.768875 92.329887 0.639170 0.634970 0.620610
131.147064 146.591263 92.531525 0.639170 0.634970 0.620610
131.746780 147.346191 92.787437 0.639170 0.634970 0.620610
132.447845 148.005219 93.051819 0.639170 0.634970 0.620610
133.219131 148.593185 93.293053 0.639170 0.634970 0.620610
134.011551 149.153503 93.533829 0.639170 0.634970 0.620610
134.775040 149.727280 93.825768 0.639170 0.634970 0.620610
135.475662 150.341919 94.185181 0.639170 0.634970 0.620610
136.114304 150.994247 94.591965 0.639170 0.634970 0.620610
62
135.091385 91.391876 94.087303 0.698600 0.628990 0.635080
134.899918 92.372505 94.091766 0.698600 0.628990 0.635080
134.653503 93.339981 94.136452 0.698600 0.628990 0.635080
134.353867 94.288864 94.225578 0.698600 0.628990 0.635080
134.039398 95.221855 94.394295 0.698600 0.628990 0.635080
133.784790 96.157845 94.631363 0.698600 0.628990 0.635080
133.612091 97.110069 94.880936 0.698600 0.628990 0.635080
133.466965 98.076744 95.089325 0.698600 0.628990 0.635080
133.292145 99.049614 95.235718 0.698600 0.628990 0.635080
133.053085 100.014664 95.334686 0.698600 0.628990 0.635080
132.734009 100.958275 95.412018 0.698600 0.628990 0.635080
132.341782 101.874992 95.479698 0.698600 0.628990 0.635080
131.903290 102.771599 95.539406 0.698600 0.628990 0.635080
131.458099 103.665817 95.583183 0.698600 0.628990 0.635080
131.033875 104.570930 95.595512 0.698600 0.628990 0.635080
130.621155 105.481674 95.582222 0.698600 0.628990 0.635080
130.194366 106.385788 95.574272 0.698600 0.628990 0.635080
129.766129 107.289253 95.587997 0.698600 0.628990 0.635080
129.388596 108.214104 95.601250 0.698600 0.628990 0.635080
129.093689 109.168465 95.590721 0.698600 0.628990 0.635080
128.871201 110.141518 95.543480 0.698600 0.628990 0.635080
128.685837 111.119301 95.448807 0.698600 0.628990 0.635080
128.482346 112.090981 95.331573 0.698600 0.628990 0.635080
128.222977 113.052094 95.248428 0.698600 0.628990 0.635080
127.921242 114.004692 95.217361 0.698600 0.628990 0.635080
127.620628 114.958252 95.204330 0.698600 0.628990 0.635080
127.360161 115.922028 95.162636 0.698600 0.628990 0.635080
127.156921 116.894455 95.059059 0.698600 0.628990 0.635080
127.008858 117.868813 94.893684 0.698600 0.628990 0.635080
126.944267 118.839966 94.664146 0.698600 0.628990 0.635080
126.903076 119.810257 94.427017 0.698600 0.628990 0.635080
126.900696 120.778938 94.179230 0.698600 0.628990 0.635080
126.922134 121.748131 93.934067 0.698600 0.628990 0.635080
126.945045 122.722237 93.709801 0.698600 0.628990 0.635080
126.945007 123.702599 93.513687 0.698600 0.628990 0.635080
126.925087 124.685173 93.328934 0.698600 0.628990 0.635080
126.921959 125.665909 93.134865 0.698600 0.628990 0.635080
126.966454 126.643990 92.933105 0.698600 0.628990 0.635080
127.057220 127.622314 92.748825 0.698600 0.628990 0.635080
127.179108 128.603394 92.600426 0.698600 0.628990 0.635080
127.332336 129.583710 92.477997 0.698600 0.628990 0.635080
127.528885 130.557266 92.363991 0.698600 0.628990 0.635080
127.758270 131.524399 92.254768 0.698600 0.628990 0.635080
127.994102 132.490540 92.150146 0.698600 0.628990 0.635080
128.230103 133.455978 92.039841 0.698600 0.628990 0.635080
128.474045 134.419052 91.925987 0.698600 0.628990 0.635080
128.712158 135.385986 91.838387 0.698600 0.628990 0.635080
128.934280 136.359818 91.801308 0.698600 0.628990 0.635080
129.196014 137.323486 91.803345 0.698600 0.628990 0.635080
129.572311 138.246552 91.841454 0.698600 0.628990 0.635080
130.059998 139.109726 91.951263 0.698600 0.628990 0.635080
130.626785 139.910782 92.135727 0.698600 0.628990 0.635080
131.255219 140.639862 92.398521 0.698600 0.628990 0.635080
131.915237 141.312500 92.731613 0.698600 0.628990 0.635080
132.590515 141.961914 93.081169 0.698600 0.628990 0.635080
133.282913 142.602692 93.412392 0.698600 0.628990 0.635080
133.998703 143.230682 93.717171 0.698600 0.628990 0.635080
134.743835 143.835693 93.996857 0.698600 0.628990 0.635080
135.512192 144.418610 94.260956 0.698600 0.628990 0.635080
136.288559 144.988739 94.529488 0.698600 0.628990 0.635080
137.069702 145.543137 94.816261 0.698600 0.628990 0.635080
137.866791 146.069199 95.111916 0.698600 0.628990 0.635080
55
134.432770 95.446800 94.714462 0.697870 0.631460 0.637960
134.217896 96.402679 94.911598 0.697870 0.631460 0.637960
134.045425 97.368156 95.106049 0.697870 0.631460 0.637960
133.868683 98.339737 95.260933 0.697870 0.631460 0.637960
133.657867 99.310966 95.367165 0.697870 0.631460 0.637960
133.389511 100.271210 95.433289 0.697870 0.631460 0.637960
133.047241 101.209076 95.473953 0.697870 0.631460 0.637960
132.638382 102.120766 95.499893 0.697870 0.631460 0.637960
132.190735 103.014755 95.515732 0.697870 0.631460 0.637960
131.742126 103.908257 95.512184 0.697870 0.631460 0.637960
131.315857 104.811295 95.468269 0.697870 0.631460 0.637960
130.902115 105.717484 95.382370 0.697870 0.631460 0.637960
130.477295 106.618195 95.293503 0.697870 0.631460 0.637960
130.053802 107.522560 95.249458 0.697870 0.631460 0.637960
129.682251 108.449928 95.236984 0.697870 0.631460 0.637960
129.390762 109.405220 95.213867 0.697870 0.631460 0.637960
129.168060 110.377541 95.153809 0.697870 0.631460 0.637960
128.977173 111.352699 95.044159 0.697870 0.631460 0.637960
128.767090 112.321083 94.911667 0.697870 0.631460 0.637960
128.511002 113.282013 94.815033 0.697870 0.631460 0.637960
128.225052 114.239090 94.773491 0.697870 0.631460 0.637960
127.969521 115.205383 94.742096 0.697870 0.631460 0.637960
127.746727 116.176849 94.676292 0.697870 0.631460 0.637960
127.585129 117.153076 94.538971 0.697870 0.631460 0.637960
127.470947 118.127068 94.345207 0.697870 0.631460 0.637960
127.401291 119.098816 94.121284 0.697870 0.631460 0.637960
127.376144 120.069649 93.883698 0.697870 0.631460 0.637960
127.386871 121.039963 93.642647 0.697870 0.631460 0.637960
127.422508 122.011841 93.410225 0.697870 0.631460 0.637960
127.459770 122.989861 93.206184 0.697870 0.631460 0.637960
127.481194 123.974571 93.033989 0.697870 0.631460 0.637960
127.505592 124.960190 92.867310 0.697870 0.631460 0.637960
127.583069 125.938454 92.679832 0.697870 0.631460 0.637960
127.749443 126.904327 92.486488 0.697870 0.631460 0.637960
128.003754 127.858368 92.338593 0.697870 0.631460 0.637960
128.321045 128.802322 92.259727 0.697870 0.631460 0.637960
128.668839 129.738876 92.217888 0.697870 0.631460 0.637960
129.030029 130.670685 92.182564 0.697870 0.631460 0.637960
129.412323 131.594101 92.154022 0.697870 0.631460 0.637960
129.834259 132.500275 92.145203 0.697870 0.631460 0.637960
130.287964 133.390594 92.173393 0.697870 0.631460 0.637960
130.742203 134.277267 92.253784 0.697870 0.631460 0.637960
131.195847 135.157532 92.389000 0.697870 0.631460 0.637960
131.690109 136.004990 92.576523 0.697870 0.631460 0.637960
132.244904 136.799515 92.818558 0.697870 0.631460 0.637960
132.861023 137.533524 93.100212 0.697870 0.631460 0.637960
133.544159 138.199097 93.397156 0.697870 0.631460 0.637960
134.264603 138.809860 93.724091 0.697870 0.631460 0.637960
134.969269 139.398788 94.117386 0.697870 0.631460 0.637960
135.642441 139.984619 94.568260 0.697870 0.631460 0.637960
136.311600 140.562546 95.035286 0.697870 0.631460 0.637960
136.980408 141.126785 95.518967 0.697870 0.631460 0.637960
137.604736 141.680847 96.066681 0.697870 0.631460 0.637960
138.143448 142.234863 96.698502 0.697870 0.631460 0.637960
138.572876 142.808670 97.392677 0.697870 0.631460 0.637960
39
129.925217 111.002670 97.854851 0.660300 0.637750 0.632260
129.854614 111.817581 97.279823 0.660300 0.637750 0.632260
129.730118 112.642799 96.730927 0.660300 0.637750 0.632260
129.516022 113.504929 96.280540 0.660300 0.637750 0.632260
129.205994 114.407227 96.005875 0.660300 0.637750 0.632260
128.839157 115.329895 95.915054 0.660300 0.637750 0.632260
128.483749 116.263512 95.885223 0.660300 0.637750 0.632260
128.206177 117.215309 95.783340 0.660300 0.637750 0.632260
128.067307 118.172943 95.531044 0.660300 0.637750 0.632260
127.963799 119.127289 95.254189 0.660300 0.637750 0.632260
127.922417 120.077393 94.946167 0.660300 0.637750 0.632260
127.925507 121.027885 94.635994 0.660300 0.637750 0.632260
127.950417 121.984985 94.347954 0.660300 0.637750 0.632260
127.972069 122.953316 94.100433 0.660300 0.637750 0.632260
127.981590 123.929771 93.885254 0.660300 0.637750 0.632260
127.993111 124.906761 93.672539 0.660300 0.637750 0.632260
128.039673 125.876450 93.434952 0.660300 0.637750 0.632260
128.142502 126.838600 93.184036 0.660300 0.637750 0.632260
128.297882 127.801277 92.965675 0.660300 0.637750 0.632260
128.496170 128.767349 92.804131 0.660300 0.637750 0.632260
128.724289 129.731934 92.672348 0.660300 0.637750 0.632260
128.977707 130.690659 92.543976 0.660300 0.637750 0.632260
129.264435 131.641388 92.428535 0.660300 0.637750 0.632260
129.591217 132.582336 92.345055 0.660300 0.637750 0.632260
129.942307 133.517502 92.306908 0.660300 0.637750 0.632260
130.281815 134.457413 92.321808 0.660300 0.637750 0.632260
130.605133 135.400681 92.390388 0.660300 0.637750 0.632260
130.977188 136.318451 92.514183 0.660300 0.637750 0.632260
131.445999 137.175110 92.717010 0.660300 0.637750 0.632260
131.985229 137.965836 93.001511 0.660300 0.637750 0.632260
132.586761 138.695953 93.322472 0.660300 0.637750 0.632260
133.242081 139.376831 93.648590 0.660300 0.637750 0.632260
133.914932 140.033951 93.988213 0.660300 0.637750 0.632260
134.589813 140.683411 94.338501 0.660300 0.637750 0.632260
135.281357 141.318970 94.681274 0.660300 0.637750 0.632260
135.997543 141.928345 95.021057 0.660300 0.637750 0.632260
136.714417 142.514709 95.396858 0.660300 0.637750 0.632260
137.402130 143.085403 95.843597 0.660300 0.637750 0.632260
138.049591 143.631638 96.372910 0.660300 0.637750 0.632260
